"source_1"	"source_2"	"source_3"	"source_4"	"source_5"	"rank_product"	"rank_final"
"263876"	2	1	NA	181	4	1.54216964008667	1
"57319"	NA	NA	11	2	NA	2.34520787991171	2
"76156"	NA	12	NA	NA	2	2.44948974278318	3
"18491"	1	69	NA	NA	NA	4.15331193145904	4
"66979"	108	30	NA	NA	1	4.93242414866094	5
"75526"	NA	NA	110	1	NA	5.24404424085076	6
"83602"	48	17	NA	NA	6	5.66012316585036	7
"53881"	6	NA	21.5	NA	NA	5.67890834580027	8
"15201"	NA	13	NA	10	NA	5.70087712549569	9
"229675"	7	11	NA	NA	71	5.87212245000273	10
"11624"	NA	NA	2	NA	86	6.557438524302	11
"30791"	NA	NA	1	NA	183	6.76387462923434	12
"101994"	62	3	NA	NA	50	7.00981239153807	13
"20683"	12	79.5	164.5	122	3	7.12638150342433	14
"14270"	13	16	NA	NA	NA	7.21110255092798	15.5
"15925"	NA	26	NA	NA	8	7.21110255092798	15.5
"75178"	NA	NA	74	4	NA	8.60232526704263	17
"16600"	88	28	NA	NA	7	8.61241588121917	18
"94186"	268	7	NA	NA	11	9.1429690930957	19
"19692"	NA	NA	9	38.5	NA	9.30725523449314	20
"238247"	107	10	NA	123	15	9.3709807493719	21
"68524"	4	81.5	NA	NA	73	9.58794568986858	22
"103135"	144	5	NA	34	98	9.83896421385784	23
"15931"	NA	2	NA	NA	206	10.1488915650922	24
"66105"	30	14	NA	NA	NA	10.2469507659596	25
"50790"	20	33.5	NA	NA	49	10.673389858709	26
"71888"	NA	NA	54	5	147	11.3703136514059	27
"18795"	9	24	188	NA	NA	11.4573086319649	28
"227743"	161	19	NA	NA	14	11.6622205280247	29
"67956"	37	15	NA	NA	NA	11.7792189893897	30
"12843"	8	71	NA	NA	NA	11.916375287813	31
"319604"	17	46.5	NA	NA	64	12.3283804477507	32
"13038"	NA	NA	26	20	100	12.4417038560575	33
"117197"	NA	40	NA	136	10	12.6302431624788	34
"54637"	NA	248	37	3	246	12.7531494875602	35
"83797"	71	8	NA	NA	101	12.8558850860967	36
"18788"	NA	NA	24	12	208	13.0425953240233	37
"52882"	76	23	NA	NA	37	13.3801134573289	38
"71069"	14	51.5	NA	NA	NA	13.4257215820976	39
"74133"	NA	NA	6	56.5	194	13.4548611805604	40
"68911"	NA	NA	82	NA	9	13.5830777072061	41
"98985"	NA	NA	63	6	180	13.6081842319067	42
"14594"	NA	NA	3	NA	248	13.6381816969859	43
"216197"	67	51.5	NA	NA	20	13.672546878042	44
"73102"	3	129.5	NA	NA	178	13.6819842797515	45
"76167"	NA	NA	88.5	8.5	NA	13.7135881519025	46
"67792"	NA	168	5	NA	NA	14.4913767461894	47
"72972"	24	25	NA	NA	145	14.7701587389788	48
"20617"	202	6	NA	NA	72	14.7850835834274	49
"80517"	199	101	NA	22	29	14.9602479275731	50
"100502936"	NA	NA	15	60	NA	15	51
"64339"	251	9	NA	NA	41	15.0815313483418	52
"18570"	NA	NA	NA	7	133	15.2561463023924	53
"17257"	5	188.5	NA	NA	NA	15.3500814330088	54
"338523"	43	22	NA	NA	NA	15.3785564992297	55
"12007"	NA	NA	32	30	NA	15.4919333848297	56
"17433"	NA	NA	42	NA	23	15.5402702679201	57
"12371"	NA	NA	199	NA	5	15.7718102955875	58
"666468"	NA	NA	8	NA	125	15.8113883008419	59
"18843"	NA	NA	36	31	97	15.8863473819407	60
"26381"	265	4	NA	NA	NA	16.2788205960997	61
"117606"	120	64	76	23	289	16.5496987900393	62
"12919"	NA	NA	39.5	28	NA	16.6282891483159	63.5
"67031"	NA	NA	7	158	NA	16.6282891483159	63.5
"22359"	NA	NA	4	NA	286	16.9115345252878	65
"69216"	NA	NA	48	24	NA	16.9705627484771	66
"210094"	224	31.5	NA	NA	19	17.0601483354008	67
"229780"	166	103	NA	8.5	NA	17.5253550327348	68
"27528"	148	77.5	NA	NA	13	17.6758782703743	69
"26433"	NA	NA	121	11	NA	18.2414363469547	70
"70612"	NA	NA	18	NA	74	18.2482875908947	71
"75580"	26	54	NA	NA	120	18.4103281650318	72
"277250"	177	18	NA	160.5	59	18.5281993016907	73
"18844"	42	33.5	NA	NA	NA	18.7549993335111	74
"213988"	15	95	NA	NA	NA	18.8745860881769	75
"240185"	NA	NA	65	NA	22	18.907670401189	76
"103199"	NA	NA	35	41	NA	18.9406969248758	77
"52614"	NA	NA	51	25	146	19.0326718052614	78
"67388"	99	NA	NA	70	27	19.0653337183036	79
"19221"	69	57.5	NA	NA	48	19.1777713427701	80
"22755"	NA	NA	33.5	NA	46	19.6277864263905	81
"217684"	18	108	NA	NA	106	19.6885071291287	82
"215627"	NA	305	80	58	28	19.8350806872491	83
"78925"	NA	NA	14	NA	115	20.0624026477389	84
"22042"	44	37	NA	NA	NA	20.174241001832	85
"22746"	NA	NA	26	63	NA	20.2361063448481	86
"72434"	NA	282.5	12	67	199	20.4984915395954	87
"18707"	184	59	NA	68	65	20.8071709192683	88
"22333"	208	53	NA	NA	24	21.3991025849478	89
"52838"	NA	NA	123.5	15	NA	21.5203392166573	90
"105148"	NA	NA	13	144	NA	21.6333076527839	91
"233537"	NA	NA	10	NA	188	21.6794833886788	92
"20763"	NA	NA	71.5	26.5	NA	21.7643630736119	93
"20751"	NA	NA	112	17	NA	21.8174242292714	94
"270151"	NA	319.5	NA	29	32	22.2272136935655	95
"99512"	136	56	NA	NA	39	22.240399941434	96
"233789"	139	120	NA	NA	18	22.3203805984183	97
"194237"	28	64	NA	NA	172	22.5165006228468	98
"19192"	34	NA	NA	NA	60	22.5831795812724	99
"18508"	84	114	NA	45	156	22.6370755901294	100
"12464"	NA	126	NA	73	36	23.0609599003868	101
"109331"	60	182.5	NA	175	38	23.0939887433886	102
"76582"	217	74.5	170.5	32	243	23.2942817483038	103
"380912"	81	35	NA	NA	123	23.4619877393826	104
"224805"	NA	NA	45	49	NA	23.4787137637478	105
"19698"	NA	NA	58	33	189	23.7508956264281	106
"17242"	NA	NA	77	21	226	23.8315102305193	107
"66766"	NA	NA	129.5	13	227	24.1893986135349	108
"20238"	39	60.5	NA	NA	NA	24.2873423824016	109
"214469"	92	NA	NA	NA	26	24.454038521275	110
"30930"	77	83.5	NA	177	89	25.0798611103418	111
"214812"	59	67	NA	NA	110	25.2533256096499	112
"192663"	151	46.5	NA	90.5	164	25.2592580979789	113
"67926"	NA	NA	31	73	193	25.2906135975414	114
"20822"	29	90	NA	NA	NA	25.5440795488896	115
"108155"	23	148	NA	NA	140	26.036620177684	116
"320024"	10	272.5	NA	NA	NA	26.1007662722764	117
"29857"	NA	NA	47	59	NA	26.3296410913632	118
"21413"	19	146	NA	NA	NA	26.3343881645274	119
"76499"	274	114	NA	NA	16	26.4527327444868	120
"77044"	21	133.5	NA	NA	NA	26.4740438920842	121
"11941"	64	144	NA	NA	55	26.5774798243359	122
"320376"	NA	237.5	NA	NA	12	26.6926956300783	123
"102857"	NA	21	NA	137	NA	26.8188366638078	124
"78243"	NA	NA	30	89	197	26.9073694061918	125
"77056"	NA	278	126.5	79	51	27.2755273378575	126
"78908"	116	139	33.5	NA	265	27.3451856552678	127
"72508"	90	38.5	NA	NA	167	27.7769984966567	128
"22661"	32	98	NA	NA	NA	28	129
"22260"	213	237.5	NA	36	87	28.048281106176	130
"101351"	NA	NA	23	138	NA	28.1691320420065	131
"12359"	NA	NA	19	156	205	28.232939580652	132
"11843"	267	124	93	NA	54	28.388498473472	133
"72899"	NA	NA	NA	14	231	28.4341344162259	134
"11545"	234	72	NA	149	67	28.4703210727396	135
"98415"	41	231	NA	NA	69	28.9263556171226	136
"330474"	276	55	NA	NA	44	29.1375855262436	137
"382639"	135	310	16	NA	NA	29.1619947165342	138
"19645"	87	57.5	NA	NA	134	29.1726608995208	139
"12994"	NA	NA	55.5	62	NA	29.3300187521249	140
"12824"	243	114	NA	118	58	29.335621268755	141
"16169"	NA	NA	43	84	191	29.4536495354903	142
"20363"	NA	NA	71.5	48	202	29.5015586438538	143
"208884"	11	321	NA	NA	NA	29.7111090334912	144
"22025"	101	NA	NA	35	NA	29.7279329923895	145
"241638"	56	64	NA	NA	NA	29.9332590941915	146
"69179"	40	129.5	NA	178	228	30.1030958162769	147
"12834"	NA	NA	26	140	NA	30.1662062579967	148
"20230"	128	62	NA	NA	94	30.2311904693151	149
"98238"	216	44	NA	NA	79	30.2963227174035	150
"14634"	127	29	NA	NA	NA	30.3438626413975	151
"69358"	235	81.5	99	116	NA	30.4452589579767	152
"227696"	NA	NA	141	26.5	NA	30.5634585739245	153
"619548"	NA	NA	97.5	38.5	NA	30.6339272702669	154
"67511"	145	157.5	NA	NA	34	30.6375879576865	155
"106143"	170	27	NA	NA	170	30.6878136016279	156
"218921"	NA	NA	21.5	NA	176	30.7571129984594	157
"65246"	31	167	NA	171	261	30.822559835819	158
"381379"	NA	NA	39.5	98	NA	31.1086804606046	159
"12562"	NA	NA	17	NA	235	31.603006186121	160
"16974"	NA	NA	197.5	16	273	31.7318448250006	161
"69117"	NA	NA	86	47	NA	31.7883626505047	162
"14615"	95	87	NA	106	NA	31.8954195844735	163
"28194"	NA	NA	49	131	138	32.0130878177236	164
"76867"	NA	NA	118	NA	35	32.1325380261193	165
"545276"	263	79.5	NA	NA	43	32.1718367425473	166
"230587"	NA	253	201.5	18	NA	32.3917767747187	167
"228790"	164	38.5	NA	NA	149	32.6619688741676	168
"67538"	NA	NA	107.5	148	61	33.0023918727936	169
"20358"	16	272.5	NA	NA	NA	33.0151480384384	170
"320587"	NA	NA	44	142	157	33.1201506114705	171
"101685"	117	70	NA	NA	121	33.2329200410794	172
"546118"	NA	NA	68	65	NA	33.2415402771893	173
"170719"	262	NA	NA	NA	17	33.3691474269272	174
"319415"	49	NA	NA	NA	91	33.3878720495931	175
"12684"	NA	NA	101.5	44	NA	33.4140688932072	176
"241694"	52	199	NA	NA	99	33.6028373769169	177
"54648"	NA	NA	215.5	NA	21	33.6359183017203	178
"67841"	NA	NA	NA	66	70	33.9852909359329	179
"70948"	NA	NA	107.5	38.5	257	34.0261530376383	180
"14394"	NA	20	NA	NA	233	34.132096331752	181
"18810"	109	93	NA	NA	111	34.6701898950395	182
"67425"	NA	172.5	28	NA	NA	34.7491007077881	183
"12889"	NA	NA	178	160.5	40	34.8495431119693	184
"21406"	NA	66	NA	NA	75	35.1781181986757	185
"109880"	118	42.5	NA	NA	NA	35.4083323527104	186
"67948"	61	161	NA	NA	124	35.5962742418317	187
"20504"	223	264.5	83	NA	84	35.6009828716009	188
"18577"	93	NA	NA	NA	56	36.0832371053374	189
"22589"	27	194	NA	NA	NA	36.1870142454445	190
"106585"	239	221	NA	NA	25	36.56976248873	191
"13626"	NA	154	68	NA	127	36.6569671313509	192
"434759"	NA	NA	20	NA	270	36.7423461417477	193
"72720"	NA	NA	52	163	159	36.8192357252421	194
"76686"	247	73	NA	75	NA	36.8614519265889	195
"13134"	173	31.5	NA	NA	NA	36.9103643980928	196
"384569"	50	110	NA	NA	NA	37.0809924354783	197
"233890"	NA	293	NA	19	NA	37.3061657102415	198
"100043188"	NA	NA	57	NA	102	38.1247950814165	199
"246103"	146	133.5	NA	NA	77	38.1639830390214	200
"79560"	225	76	NA	NA	90	38.485011312768	201
"56637"	25	237.5	NA	NA	NA	38.5275875185561	202
"68728"	75	77.5	NA	NA	267	38.5925510845395	203
"330355"	NA	NA	107.5	56.5	NA	38.9671335871655	204
"58800"	NA	NA	194	99.5	83	39.0043501287981	205
"19697"	185	NA	NA	NA	33	39.0672497112351	206
"67760"	172	304	NA	NA	31	39.1561502875808	207
"74637"	NA	NA	147	42	NA	39.2874025611264	208
"66306"	189	185	NA	NA	47	39.3359106485713	209
"51789"	70	88.5	NA	NA	NA	39.3541611522848	210
"66283"	NA	NA	73	162	142	39.6205790395234	211
"20362"	149	42.5	NA	NA	NA	39.7885033646655	212
"170638"	22	NA	NA	NA	290	39.9374510954317	213
"19726"	154	211	NA	53	NA	39.9550575480032	214
"16396"	158	266	NA	NA	42	40.2848189918477	215
"16553"	218	NA	NA	NA	30	40.4351332383115	216
"14465"	134	49	NA	NA	NA	40.5154291597658	217
"77945"	68	97	NA	NA	NA	40.6078810084939	218
"16518"	132	50	NA	NA	NA	40.6201920231798	219
"71947"	NA	282.5	NA	55	118	40.797460279729	220
"56469"	221	163.5	NA	51	NA	40.8669425730821	221
"242860"	261	93	NA	NA	76	40.8812746183663	222
"78913"	65	NA	NA	NA	103	40.9114898286533	223
"68473"	35	NA	NA	NA	192	40.9878030638384	224
"195236"	NA	190.5	86	115	NA	41.1695230597544	225
"74105"	33	206	NA	NA	NA	41.2249924196476	226
"71592"	38	179.5	NA	NA	NA	41.2946727799119	227
"68732"	NA	318	133	46	NA	41.612544841422	228
"213573"	NA	NA	81	121	200	41.7169171507476	229
"66220"	NA	NA	134	52	NA	41.7372735094184	230
"11982"	NA	NA	135	NA	52	41.8927201313068	231
"269424"	259	36	NA	NA	215	42.0299609853611	232
"13002"	103	295	NA	NA	66	42.0352018641812	233
"58234"	175	68	NA	170	NA	42.1577450265514	234
"79196"	214	111.5	NA	NA	85	42.1937314204628	235
"15937"	NA	NA	70	105	NA	42.8660704987056	236
"214162"	45	163.5	NA	NA	NA	42.8879353664874	237
"20668"	NA	NA	164.5	NA	45	43.0188911991	238
"54403"	140	NA	NA	NA	53	43.0697109347161	239
"225724"	163	262.5	217	NA	95	43.0839061797998	240
"232187"	183	41	NA	NA	NA	43.3099295774075	241
"12953"	54	139	NA	NA	NA	43.318587234581	242
"212733"	NA	NA	65	117	NA	43.6033255612459	243
"17079"	NA	NA	95	81	NA	43.8605745516403	244
"56278"	NA	NA	200	38.5	NA	43.8748219369606	245
"218756"	83	93	NA	NA	NA	43.9289198592453	246
"224997"	91	99.5	NA	NA	256	44.1143845579047	247
"17254"	NA	NA	50	157	NA	44.3001128666734	248
"14563"	NA	NA	96	83	NA	44.6318272088428	249
"252910"	NA	NA	29	NA	276	44.7325384926901	250
"107526"	NA	NA	38	NA	214	45.088801270382	251
"225876"	36	226.5	NA	NA	NA	45.1497508298772	252
"12340"	80	172.5	NA	NA	181	45.2270192292094	253
"72542"	NA	NA	90.5	153	182	45.3609921083233	254
"11973"	NA	NA	86	96	NA	45.4312667664022	255
"67048"	233	85	NA	NA	128	45.4506763934608	256
"55981"	104	NA	NA	80	NA	45.6070170039655	257
"76889"	NA	228	94	120	NA	45.6695494891588	258
"74747"	260	121	NA	NA	82	45.7161450687731	259
"15413"	102	285	190	NA	203	45.7471113605902	260
"67866"	NA	NA	46	183	NA	45.8748296999564	261
"107568"	79	111.5	NA	NA	NA	46.926804706905	262
"18408"	89	257	NA	NA	122	46.9288305805629	263
"236900"	NA	234.5	104.5	114	NA	46.9461600338862	264
"15364"	55	161	NA	NA	NA	47.0505047794389	265
"106326"	257	116	NA	NA	96	47.3259703330202	266
"228061"	231	48	NA	NA	259	47.3801472088301	267
"100043057"	NA	NA	59.5	NA	151	47.3933012144121	268
"18738"	85	106	NA	NA	NA	47.4605099003371	269
"20495"	NA	NA	164.5	135	130	47.4634991977336	270
"378702"	NA	NA	61	NA	148	47.5078940808788	271
"192157"	94	201.5	NA	NA	153	47.5236939346511	272
"69674"	NA	NA	155.5	85	221	47.6496018592674	273
"330323"	NA	NA	92	99.5	NA	47.83826919946	274
"71908"	NA	NA	55.5	165	NA	47.8474137232097	275
"11807"	NA	NA	84	111.5	NA	48.3890483477408	276
"268859"	51	NA	NA	NA	184	48.4355241532493	277
"57246"	NA	NA	201.5	150	107	49.2941566660462	278
"20431"	NA	150.5	170.5	127	NA	49.4197199489438	279
"17686"	NA	NA	NA	50	198	49.749371855331	280
"218811"	129	150.5	NA	174	NA	50.0154174677673	281
"76787"	277	45	NA	NA	275	50.2597592765129	282
"245522"	NA	NA	59.5	NA	171	50.4343632853633	283
"216877"	NA	NA	75	NA	139	51.0514446416553	284
"12181"	NA	NA	114.5	111.5	283	51.1486695775076	285
"60322"	NA	NA	121	87	NA	51.3005847919885	286
"140559"	NA	289.5	NA	73	173	51.3512779039763	287
"207393"	192	122	NA	NA	158	51.5606195756779	288
"252875"	230	208.5	NA	134	294	52.12085300219	289
"382109"	NA	NA	170.5	64	NA	52.2302594288024	290
"269639"	NA	NA	97.5	146	271	52.2782449605725	291
"23806"	152	237.5	NA	NA	109	52.6247418669065	292
"239420"	159	222.5	NA	NA	112	52.746518475087	293
"66308"	NA	NA	41	NA	274	52.9952828089444	294
"69757"	57	198	NA	NA	NA	53.1177936288773	295
"20807"	207	214	NA	NA	92	53.2438429797286	296
"16675"	NA	214	53	NA	NA	53.2494131423061	297
"67958"	98	201.5	NA	NA	207	53.2969760890147	298
"193670"	NA	NA	180.5	NA	63	53.3186177615287	299
"26415"	NA	NA	146	78	NA	53.3572862878164	300
"207182"	NA	166	NA	119	209	53.4743922159291	301
"217721"	NA	NA	65	NA	177	53.6306815172062	302
"20393"	131	88.5	NA	NA	NA	53.8365582109406	303
"13800"	156	74.5	NA	NA	NA	53.9026900998457	304
"216856"	58	204	NA	NA	NA	54.3874985635486	305
"170729"	114	104	NA	NA	NA	54.4426303552648	306
"11933"	NA	NA	154	77	NA	54.4472221513642	307
"68255"	NA	NA	126.5	94	NA	54.5229309556997	308
"66586"	NA	146	NA	82	NA	54.7083174663597	309
"216848"	270	161	NA	NA	104	55.1171058534639	310
"14537"	NA	319.5	208.5	NA	68	55.1536201120431	311
"71994"	272	105	NA	NA	160	55.314391671514	312
"67815"	NA	NA	157	NA	78	55.3308232362397	313
"94220"	66	190.5	NA	NA	NA	56.0646947730923	314
"66867"	NA	NA	158	NA	81	56.5641229048944	315
"320265"	96	133.5	NA	NA	NA	56.6038867923396	316
"170833"	NA	NA	126.5	102	NA	56.7956864559273	317
"225929"	222	102	NA	NA	220	56.9294980051555	318
"14083"	167	192.5	NA	NA	155	56.9340020951804	319
"22185"	NA	NA	143	92	NA	57.3498038357587	320
"228361"	NA	86	NA	155	NA	57.7278095894864	321
"233833"	100	133.5	NA	NA	NA	57.7711000414567	322
"223989"	115	NA	NA	NA	117	57.9978447875436	323
"213056"	46	NA	NA	NA	294	58.1463670404265	324
"98496"	NA	NA	129.5	NA	105	58.3041593713519	325
"208666"	NA	241	NA	NA	57	58.6024743504914	326
"207806"	63	NA	NA	NA	219	58.7303158513557	327
"18554"	181	255	NA	NA	119	58.812185383268	328
"75766"	NA	276	NA	173	116	58.9770623807181	329
"67896"	NA	327	NA	43	NA	59.289543766165	330
"229011"	NA	NA	204	69	NA	59.3211597998556	331
"20911"	NA	NA	138	145	287	59.6927710888342	332
"66922"	178	224.5	NA	NA	144	59.7326375521279	333
"12912"	47	306	NA	NA	NA	59.9624882739201	334
"108150"	53	272.5	NA	NA	NA	60.0884764326738	335
"80385"	122	119	NA	NA	NA	60.2453317693579	336
"64058"	NA	NA	150.5	97	NA	60.4121262661728	337
"98363"	NA	NA	136	NA	108	60.5970296301725	338
"211187"	NA	241	NA	NA	62	61.1187368979432	339
"225215"	NA	NA	170.5	88	NA	61.2454079911302	340
"22335"	249	60.5	NA	NA	NA	61.3687624121588	341
"69661"	NA	NA	90.5	168	NA	61.6522505671934	342
"12751"	NA	NA	88.5	172	NA	61.6887347900733	343
"108124"	NA	NA	NA	108	141	61.7008914036094	344
"12647"	NA	NA	119	128	NA	61.708994482166	345
"229862"	NA	NA	215.5	71	NA	61.8475949411131	346
"69125"	198	117.5	NA	NA	278	62.1052092730162	347
"69550"	NA	NA	164.5	95	NA	62.504999800016	348
"14272"	NA	NA	144	109	NA	62.6418390534633	349
"17346"	73	216	NA	NA	NA	62.7853486093691	350
"69745"	NA	NA	208.5	76	NA	62.9404480441631	351
"19159"	121	NA	NA	NA	132	63.1901891119183	352
"252972"	NA	324	NA	167	126	63.2056769989892	353
"22144"	NA	NA	78.5	NA	204	63.2732170827436	354
"380664"	227	224.5	NA	NA	137	63.7088357337978	355
"228136"	NA	289.5	148.5	164	NA	63.9172922506496	356
"231717"	NA	NA	206	NA	80	64.1872261435249	357
"108089"	191	192.5	NA	NA	195	64.2754288201922	358
"224250"	NA	NA	78.5	NA	211	64.3496309235725	359
"103677"	72	231	NA	NA	NA	64.482555780614	360
"226982"	78	214	NA	NA	NA	64.5987615980368	361
"17357"	82	204	NA	NA	NA	64.668384856899	362
"231805"	97	NA	NA	NA	175	65.1440711039769	363
"19229"	NA	314.5	NA	54	NA	65.1594198869204	364
"22115"	205	83.5	NA	NA	NA	65.4169320589096	365
"12365"	NA	NA	104.5	NA	166	65.8540051933062	366
"116914"	NA	NA	62	NA	280	65.8786763680024	367
"16370"	123	141.5	NA	NA	NA	65.9630578430079	368
"432450"	NA	NA	192.5	90.5	NA	65.9947914611449	369
"236511"	236	179.5	NA	NA	187	66.4484364128267	370
"606496"	NA	NA	206	86	NA	66.5507325278993	371
"76199"	141	126	NA	NA	NA	66.6445796745692	372
"231093"	137	NA	NA	130	NA	66.727055981813	373
"170740"	NA	NA	174	103	NA	66.9365371079204	374
"13599"	NA	NA	179	101	NA	67.2290859673103	375
"192285"	252	129.5	NA	NA	258	67.8123430450755	376
"72053"	NA	307	NA	61	NA	68.4233147399335	377
"11798"	110	170.5	NA	NA	NA	68.474447788938	378
"246102"	NA	NA	203	93	NA	68.7004366798349	379
"20353"	187	195	NA	NA	242	68.88255905921	380
"17082"	NA	NA	68	NA	281	69.1158447825099	381
"54152"	NA	NA	138	141	NA	69.745967625376	382
"234678"	220	196.5	NA	NA	212	69.7566759576962	383
"381217"	NA	NA	126.5	154	NA	69.7871764724724	384
"320127"	NA	NA	112	NA	174	69.7997134664606	385
"18131"	NA	126	NA	159	NA	70.7707566725127	386
"56807"	210	291	NA	NA	165	72.0129863406944	387
"56809"	NA	123	NA	169	NA	72.0884872916612	388
"22414"	112	186.5	NA	NA	NA	72.2634070605587	389
"14281"	NA	139	NA	151	NA	72.4379044423567	390
"81018"	NA	269.5	183	NA	210	72.6588405378931	391
"71996"	NA	NA	153	139	NA	72.9160476164198	392
"27028"	NA	NA	140	NA	152	72.9383301152419	393
"333605"	74	288	NA	NA	NA	72.9931503635786	394
"70911"	NA	NA	187	NA	114	73.0034245772073	395
"67809"	NA	NA	167	129	NA	73.3876692639847	396
"268470"	86	253	NA	NA	NA	73.7529660420515	397
"70350"	232	96	NA	NA	NA	74.6190324247105	398
"66849"	245	91	NA	NA	NA	74.6575515269554	399
"18645"	279	155.5	NA	NA	269	75.6091526265323	400
"50782"	NA	NA	174	132	NA	75.7759856418905	401
"68449"	133	175.5	NA	NA	NA	76.3896262590674	402
"67382"	124	188.5	NA	NA	NA	76.442789064764	403
"448850"	NA	NA	190	126	NA	77.3627817493658	404
"54612"	NA	NA	168	143	NA	77.4983870799903	405
"26941"	NA	NA	192.5	125	NA	77.5604602874429	406
"23881"	246	99.5	NA	NA	NA	78.2256351843819	407
"12354"	271	182.5	NA	NA	263	78.3925361005536	408
"14918"	NA	NA	220.5	111.5	NA	78.3992187461074	409.5
"106766"	NA	NA	220.5	111.5	NA	78.3992187461074	409.5
"264134"	162	153	NA	NA	NA	78.7178505804116	411
"12321"	228	251	NA	NA	234	79.156555433786	412
"14664"	186	NA	NA	NA	135	79.2306758774655	413
"54711"	106	243	NA	NA	NA	80.2464952505715	414
"109815"	242	108	NA	NA	NA	80.8331615118449	415
"12995"	176	149	NA	NA	NA	80.9691299199886	416
"72821"	126	208.5	NA	NA	NA	81.0416559554406	417
"24069"	NA	282.5	NA	NA	93	81.0439695474006	418
"140917"	NA	NA	101.5	NA	260	81.2249961526623	419
"56070"	168	157.5	NA	NA	NA	81.3326502703558	420
"94092"	NA	NA	145	NA	185	81.891696770796	421
"99633"	188	143	NA	NA	NA	81.9817052762383	422
"258551"	NA	NA	183	147	NA	82.0076215970199	423
"14609"	NA	NA	116.5	NA	232	82.2009732302483	424
"170786"	NA	NA	101.5	NA	268	82.4651441519385	425
"68040"	256	108	NA	NA	NA	83.1384387633061	426
"56407"	NA	NA	123.5	NA	225	83.3479153908483	427
"26419"	NA	316	NA	NA	88	83.3786543427033	428
"22695"	NA	NA	214	133	NA	84.3534231670535	429
"320982"	119	241	NA	NA	NA	84.6743762894065	430
"11702"	111	259.5	NA	NA	NA	84.8594426095293	431
"72981"	142	204	NA	NA	NA	85.0999412455731	432
"12954"	NA	NA	121	NA	240	85.2056336165632	433
"52463"	113	259.5	NA	NA	NA	85.6205290803555	434
"225266"	174	170.5	NA	NA	NA	86.1205550376912	435
"545648"	NA	NA	101.5	NA	294	86.3727387547715	436
"268567"	NA	NA	177	NA	169	86.4768755217255	437
"272411"	NA	NA	107.5	NA	279	86.5917143842296	438
"56550"	212	141.5	NA	NA	NA	86.5996535789838	439
"50781"	NA	NA	114.5	NA	264	86.9310071263413	440
"231148"	NA	293	NA	104	NA	87.2811548961172	441
"73132"	240	129.5	NA	NA	NA	88.1476034841561	442
"18996"	200	155.5	NA	NA	NA	88.175960442742	443
"73218"	NA	NA	NA	124	251	88.2099767600015	444
"231225"	150	208.5	NA	NA	NA	88.423695919137	445
"23849"	105	298	NA	NA	NA	88.4448981004557	446
"15002"	NA	245	NA	NA	129	88.8889756944021	447
"70427"	269	117.5	NA	NA	NA	88.8924912464489	448
"105675"	NA	280	NA	NA	113	88.9381807774366	449
"171469"	NA	NA	174	182	NA	88.9775252521669	450
"110157"	147	NA	NA	NA	216	89.095454429505	451
"17364"	130	NA	NA	NA	245	89.2328414878737	452
"22033"	NA	NA	112	NA	285	89.3308457365092	453
"53323"	190	169	NA	NA	NA	89.5963168885864	454
"17191"	206	159	NA	NA	NA	90.4903309751931	455
"14376"	NA	NA	196	NA	168	90.73036977771	456
"12177"	NA	217	152	NA	NA	90.8074886779719	457
"52715"	215	NA	NA	NA	154	90.980767198348	458
"16156"	NA	NA	116.5	NA	288	91.5860251348425	459
"227334"	NA	NA	224	NA	150	91.6515138991168	460
"231207"	250	136.5	NA	NA	NA	92.3647660095558	461
"13607"	NA	NA	213	NA	161	92.5918462932887	462
"56353"	157	218.5	NA	NA	NA	92.6073701170701	463
"18805"	NA	146	NA	NA	238	93.2040771640383	464
"319817"	211	165	NA	NA	NA	93.2938904752074	465
"66168"	NA	326	NA	107	NA	93.3836174069092	466
"81630"	195	NA	NA	NA	179	93.4143993183064	467
"77128"	NA	184	NA	NA	190	93.4879671401619	468
"71093"	NA	NA	160.5	NA	218	93.5267341459115	469
"75686"	NA	NA	180.5	NA	196	94.0452018978108	470
"74081"	264	136.5	NA	NA	NA	94.9157521173382	471
"237082"	165	218.5	NA	NA	NA	94.9374794272525	472
"110809"	201	179.5	NA	NA	NA	94.9730224853353	473
"230908"	NA	NA	160.5	NA	230	96.0663832982173	474
"18028"	244	152	NA	NA	NA	96.2912249376858	475
"55987"	NA	NA	NA	166	224	96.4157663455516	476
"224796"	NA	NA	186	NA	201	96.6772982659321	477
"59093"	NA	286.5	NA	NA	131	96.8652414439772	478
"77371"	125	301.5	NA	NA	NA	97.0663432915859	479
"11844"	143	267	NA	NA	NA	97.6997952914949	480
"77889"	NA	NA	176	NA	217	97.7138680024489	481
"67203"	NA	NA	150.5	NA	254	97.7586313324813	482
"12061"	NA	293	132	NA	NA	98.3310734203588	483
"74048"	NA	NA	155.5	NA	250	98.5837207656518	484
"19360"	NA	NA	211.5	NA	186	99.1703080563936	485
"18935"	169	234.5	NA	NA	NA	99.5370534022381	486
"11440"	NA	NA	160.5	NA	247	99.5533776423482	487
"72605"	153	259.5	NA	NA	NA	99.6286856281864	488
"268759"	NA	NA	142	NA	282	100.054984883313	489
"109264"	NA	296.5	NA	NA	136	100.404183179786	490
"20516"	NA	308	131	NA	NA	100.4340579684	491
"319146"	NA	NA	138	NA	294	100.712461989567	492
"13688"	155	262.5	NA	NA	NA	100.855713769722	493
"19017"	160	259.5	NA	NA	NA	101.8822850156	494
"214968"	238	175.5	NA	NA	NA	102.187327981507	495
"23969"	NA	233	NA	180	NA	102.396288995256	496
"213827"	NA	NA	148.5	NA	284	102.681546540749	497
"71902"	241	175.5	NA	NA	NA	102.82934892335	498
"170742"	NA	220	195	NA	NA	103.56157588604	499
"66972"	138	311.5	NA	NA	NA	103.66653269016	500
"67430"	NA	NA	190	NA	229	104.295253966803	501
"319765"	182	244	NA	NA	NA	105.366028680975	502
"93707"	179	249.5	NA	NA	NA	105.665155089083	503
"237636"	NA	296.5	NA	152	NA	106.146125694723	504
"54524"	NA	317	NA	NA	143	106.455389717947	505
"68018"	204	222.5	NA	NA	NA	106.524645035785	506
"12572"	193	NA	NA	NA	236	106.709887077065	507
"227960"	NA	NA	183	NA	249	106.732141363321	508
"320940"	NA	286.5	NA	NA	163	108.050335492307	509
"110611"	226	208.5	NA	NA	NA	108.536860098309	510
"74385"	NA	NA	185	NA	255	108.599033144867	511
"30805"	266	179.5	NA	NA	NA	109.255434647435	512
"11736"	196	247	NA	NA	NA	110.013635518512	513
"19058"	NA	231	210	NA	NA	110.124929057866	514
"14219"	NA	303	160.5	NA	NA	110.262754364291	515
"68693"	NA	186.5	NA	NA	262	110.52488407594	516
"382571"	NA	NA	220.5	NA	223	110.8732384302	517
"67128"	281	175.5	NA	NA	NA	111.035467306622	518
"84505"	NA	282.5	NA	176	NA	111.48990985735	519
"58212"	254	196.5	NA	NA	NA	111.703849530802	520
"241296"	180	279	NA	NA	NA	112.049096381899	521
"399558"	171	NA	NA	NA	294	112.109321646329	522
"16401"	NA	200	NA	NA	253	112.47221879202	523
"14055"	NA	314.5	NA	NA	162	112.85942583586	524
"22059"	NA	NA	218	NA	237	113.650780903608	525
"223254"	NA	NA	223	NA	239	115.430715149825	526
"242109"	NA	NA	211.5	NA	252	115.431798045426	527
"19824"	237	226.5	NA	NA	NA	115.845263174633	528
"269252"	NA	309	NA	179	NA	117.591453771097	529
"240665"	NA	NA	206	NA	272	118.355397004108	530
"20310"	NA	264.5	NA	NA	213	118.678662783164	531
"76824"	209	277	NA	NA	NA	120.304821183525	532
"21825"	229	253	NA	NA	NA	120.350529703861	533
"11990"	NA	246	NA	NA	241	121.743582993109	534
"68404"	280	212	NA	NA	NA	121.819538662728	535
"13018"	194	311.5	NA	NA	NA	122.913587532054	536
"54393"	NA	272.5	NA	NA	222	122.978656684809	537
"13842"	248	NA	NA	NA	244	122.995934892174	538
"226856"	197	313	NA	NA	NA	124.158165257062	539
"66859"	NA	NA	220.5	NA	291	126.654549859056	540
"27401"	NA	325	197.5	NA	NA	126.676260601582	541
"226517"	282	229	NA	NA	NA	127.061008968133	542
"26456"	203	322	NA	NA	NA	127.833876574248	543
"64378"	219	300	NA	NA	NA	128.160056179763	544
"18029"	NA	249.5	NA	NA	277	131.445330841381	545
"109305"	273	256	NA	NA	NA	132.181693134866	546
"71954"	258	275	NA	NA	NA	133.182206018672	547
"15248"	275	269.5	NA	NA	NA	136.11805537841	548
"15384"	278	268	NA	NA	NA	136.477104306913	549
"21402"	255	299	NA	NA	NA	138.062485853327	550
"330267"	NA	301.5	NA	NA	266	141.597139801622	551
"19700"	253	323	NA	NA	NA	142.932676459933	552
