"source_1"	"source_2"	"source_3"	"source_4"	"source_5"	"rank_product"	"rank_final"
"269593"	8	3	NA	NA	1	0.961499713538272	1
"28018"	10	1	NA	NA	43	2.51594743809586	2
"18491"	37	8	NA	NA	2	2.7988909692056	3
"76974"	NA	NA	44.5	2	NA	4.7169905660283	4
"14120"	NA	NA	2	57.5	NA	5.3619026473818	5
"104943"	NA	NA	1	171	35	6.05201687342198	6
"20744"	1	168	NA	NA	NA	6.48074069840786	7
"23797"	79	10	NA	NA	10	6.63877233763304	8
"18472"	103	25	92	NA	3	7.25874579631198	9
"19726"	51	9	NA	NA	37	8.56808070312633	10
"20679"	13	7	NA	NA	239	9.30447435108502	11
"99382"	NA	639.5	5	NA	8	9.82152497463932	12
"320292"	139	6	NA	NA	32	9.96133215397067	13
"245841"	NA	NA	74.5	7	NA	11.4181872466692	14
"17933"	98	24	NA	NA	18	11.6175714671274	15
"245555"	12	NA	NA	NA	45	11.6189500386223	16
"12234"	26	149	NA	NA	12	11.9855793852498	17
"80708"	NA	NA	196.5	3	NA	12.139810542179	18
"194388"	3	283	73	66	273	12.9008231640716	19
"16574"	56	222.5	NA	NA	5	13.2142167904339	20
"241311"	14	28	NA	NA	178	13.7229485489819	21
"18141"	152	78.5	NA	NA	6	13.8409822056282	22
"213988"	2	53.5	NA	NA	672	13.8610595344492	23
"217218"	208	4	NA	NA	NA	14.422205101856	24
"22031"	22	363	10	NA	144	14.5583768857649	25
"12816"	NA	14	NA	62	NA	14.7309198626562	26
"210126"	4	NA	241.5	NA	NA	15.5402702679201	27
"18021"	29	41	NA	NA	91	15.8837543155809	28
"16337"	27	64.5	NA	NA	64	16.0415586282336	29
"93736"	17	336	NA	NA	21	16.4392213480025	30
"387510"	NA	NA	14	80.5	NA	16.7854103315945	31
"224762"	NA	NA	226.5	5	NA	16.8263186704638	32
"78832"	186	56.5	NA	NA	13	17.1677610554804	33
"14373"	317	136	NA	1	607	17.8807908821277	34
"80750"	66	350.5	NA	NA	7	18.1686256993878	35
"74340"	177	36.5	NA	NA	26	18.3918424596876	36
"236511"	18	17	NA	NA	551	18.4149164906803	37
"382423"	270	2	NA	NA	322	18.6049549369005	38
"68152"	NA	30	NA	NA	47	18.7749833555186	39
"382639"	NA	NA	29.5	NA	50	19.2028643696715	40
"74016"	166	105	NA	NA	11	19.2209759823063	41
"16974"	102	39	NA	235	38	19.3005225794792	42
"20760"	NA	NA	96.5	16	NA	19.6468827043885	43
"223918"	127	5	NA	NA	331	19.8188895928786	44
"19087"	49	313.5	145	NA	20	20.4243344964002	45
"237943"	521	117	NA	NA	4	20.8244370905591	46
"71745"	482	237	NA	6	76	21.238804406044	47
"12050"	55	16	NA	NA	320	21.8485672160172	48
"20518"	NA	NA	148	13	NA	21.9317121994613	49
"235047"	NA	NA	15.5	NA	126	22.0963797939844	50
"231207"	88	45	NA	NA	74	22.1405147580829	51
"12753"	NA	15	NA	NA	131	22.1641602593015	52
"67120"	11	47.5	NA	NA	574	22.312323996233	53
"320538"	15	66.5	NA	NA	307	22.4679011884721	54
"67821"	222	38	147	NA	55	22.7192587364136	55
"80892"	235	153.5	NA	NA	9	22.9096433941699	56
"212377"	NA	NA	194.5	11	NA	23.1273647439565	57
"26419"	115	74.5	NA	NA	39	23.1304981110239	58
"58887"	NA	NA	3	NA	719.5	23.2298299606347	59
"69399"	16	385.5	NA	224	56	23.4468827277745	60
"67306"	NA	NA	NA	132	17	23.685438564654	61
"18843"	NA	525	87	8	NA	23.8305972157981	62
"53317"	NA	671	11	51	NA	24.068029719311	63
"53881"	62	NA	12	NA	534	24.5047424758938	64
"121022"	NA	NA	21.5	115.5	NA	24.9161092468307	65
"16815"	NA	NA	20	126	NA	25.0998007960223	66
"13669"	606	32	NA	56	96	25.2615779082543	67
"237459"	323	92	NA	NA	15	25.4627876490327	68
"78283"	NA	657.5	4	NA	NA	25.6417628099162	69
"236794"	36	51	NA	NA	251	25.7470540507631	70
"69183"	NA	NA	65	115.5	65	26.2430904800849	71
"11532"	NA	600	71.5	10	291	26.4257656330337	72
"237336"	494	74.5	NA	59	60	26.7092460924052	73
"192292"	552	92	NA	9	297	26.9849411100448	74
"66538"	NA	NA	21.5	142	NA	27.6269795670826	75
"329540"	42	156.5	NA	NA	88	27.7733017973188	76
"212391"	NA	NA	32	NA	97	27.8567765543682	77
"231464"	NA	101	NA	NA	31	27.9776696670756	78
"53614"	333	71.5	NA	NA	25	28.0398384157139	79
"53612"	NA	623.5	139	4	475	28.3198679131637	80
"666060"	575	671	6.5	51	446	28.3316420999004	81
"225631"	46	483.5	24	NA	310	28.3544886850345	82
"12227"	164	78.5	NA	NA	48	28.3920657889164	83
"17257"	5	667	NA	NA	NA	28.8747294359618	84
"433022"	7	209	NA	NA	473	29.4836038706405	85
"667034"	NA	NA	15.5	NA	226	29.5930735139154	86
"20481"	67	18	NA	NA	586	29.6911523361215	87
"58235"	155	84	NA	NA	57	30.1791746644766	88
"20763"	NA	NA	136	27	NA	30.2985148150862	89
"67792"	NA	565	6.5	NA	NA	30.3005775522514	90
"231580"	NA	NA	126	30	NA	30.7408522978788	91
"224691"	NA	NA	222.5	17	NA	30.7510162433699	92
"17420"	NA	NA	40	95	NA	30.8220700148449	93
"77827"	NA	NA	29.5	129	NA	30.8443673950366	94
"12212"	43	95	NA	NA	201	31.2134268432623	95
"83995"	NA	NA	170	23	NA	31.264996401727	96
"76850"	113	20	NA	NA	370	31.4037949523574	97
"68149"	NA	NA	9	NA	445	31.6425346645935	98
"56350"	NA	44	NA	76	257	31.6916761494152	99
"319642"	NA	117	161	NA	46	31.7786371644869	100
"110454"	NA	NA	170	24	NA	31.9374388453426	101
"14299"	201	140	138	NA	73	32.4393033220311	102
"217715"	NA	725	47	73	119	32.791888618365	103
"319965"	349	22.5	NA	225	169	32.8631584383049	104
"71955"	NA	NA	231	NA	19	33.1247641501038	105
"15894"	NA	NA	51.5	86	NA	33.2753662639497	106
"16798"	87	141	NA	NA	86	33.9331635872008	107
"75723"	24	322	NA	NA	138	34.0560398395003	108
"56747"	NA	NA	27	NA	172	34.0734500748016	109
"13205"	625	130	118.5	NA	36	34.1115193701687	110
"67398"	608	228	NA	181	14	34.2256155646129	111
"67135"	NA	357	74.5	19	705	34.3464464186221	112
"30878"	124	13	NA	NA	692	34.5702448818333	113
"93836"	202	11	NA	237	695	34.5787516101824	114
"269642"	19	255.5	NA	NA	NA	34.8371210061911	115
"81004"	71	69	NA	NA	NA	34.9964283891942	116
"20623"	144	528.5	34	NA	149	35.0314550199275	117
"228839"	99	132.5	NA	92	NA	35.4888324766418	118
"19317"	60	86.5	NA	NA	NA	36.0208273086558	119
"69533"	NA	NA	17.5	NA	300	36.2284418654736	120
"75320"	105	294	NA	NA	42	36.3474587129577	121
"97895"	NA	NA	172	31	NA	36.5102725270574	122
"228012"	276	165.5	NA	NA	29	36.6083738579902	123
"52335"	9	633	NA	232	367	37.1013810385909	124
"11480"	89	34.5	NA	NA	464	37.507758065669	125
"99377"	440	49.5	NA	66	357	37.6276863660443	126
"66713"	205	580.5	50	252	159	37.7133183010367	127
"69351"	NA	NA	31	80.5	585	37.813762489247	128
"56392"	467	12	NA	NA	261	37.83771978268	129
"330814"	137	207	NA	NA	52	37.9411214995788	130
"72519"	609	102	NA	NA	24	38.0792436824576	131
"230796"	185	20	NA	NA	403	38.0815253224752	132
"74137"	224	713.5	13	NA	260	38.1135746305497	133
"75812"	NA	200.5	43	261	241	38.1504885887681	134
"68904"	81	NA	174.5	NA	107	38.2619254540768	135
"244373"	94	NA	136	NA	120	38.4439568645832	136
"23806"	136	143	NA	NA	79	38.4632600331013	137
"210973"	442	26	NA	NA	139	38.9656762478458	138
"22421"	291	34.5	NA	NA	160	39.0381684918206	139
"333639"	NA	762	8	NA	NA	39.0384425918863	140
"13607"	68	NA	236	119.5	312	39.0999194241512	141
"18624"	NA	NA	111.5	55	NA	39.1551401478784	142
"21745"	NA	NA	44.5	145	NA	40.1637274166629	143
"107260"	260	466.5	NA	15	NA	40.6927927910546	144
"13549"	585	143	NA	22	383	40.735058867217	145
"71472"	659	52	NA	54	NA	40.9235139566385	146
"77128"	38	301.5	NA	NA	163	41.0485906819196	147
"19279"	NA	22.5	NA	NA	306	41.487950057818	148
"66179"	NA	NA	200.5	36.5	267	41.6726942391099	149
"56188"	NA	NA	82	36.5	661	41.8454398664285	150
"23831"	645	NA	222.5	14	NA	42.0614913505138	151
"52679"	78	46	NA	NA	562	42.1122386347742	152
"50754"	85	241.5	NA	NA	99	42.2217111613528	153
"19226"	612	343	NA	45	87	42.3286420276798	154
"19654"	623	53.5	NA	NA	62	42.4577117918389	155
"269473"	126	58.5	NA	NA	286	42.740824267822	156
"106512"	NA	265	28	NA	NA	43.0697109347161	157
"18845"	58	512.5	NA	250	121	43.2914187958875	158
"13388"	513	20	NA	204	430	43.3013567915025	159
"214804"	418.5	NA	NA	18	NA	43.3964284244683	160
"66307"	332	439	NA	12	531	43.6424980761824	161
"12121"	266	74.5	NA	NA	115	43.8655920321362	162
"53872"	NA	86.5	NA	NA	89	43.870548207197	163
"12874"	149	145.5	NA	NA	106	43.9876189529418	164
"19325"	256	97	NA	NA	95	44.3735164974359	165
"70093"	73	231	141	NA	NA	44.4901014608979	166
"28042"	53	683.5	NA	NA	67	44.7962654012795	167
"72194"	6	655	NA	NA	620	44.8545831773455	168
"76901"	147	36.5	NA	NA	458	44.9818491040872	169
"13089"	NA	NA	181.5	20	685	45.159016752146	170
"14468"	NA	NA	62	NA	132	45.2327315115946	171
"78889"	640	NA	66	39	651	45.2410196899564	172
"269181"	179	81	NA	NA	176	45.5507624895305	173
"214812"	21	646.5	NA	NA	189	45.6347092616208	174
"271221"	549	380	NA	47	114	45.7119419218128	175
"68018"	92	182	NA	NA	155	45.8081110077828	176
"80857"	602	313.5	181.5	33	NA	45.8401637229828	177
"226025"	NA	168	26	NA	599	45.9319865847044	178
"71963"	294	559.5	NA	NA	16	46.0222534628892	179
"382117"	495	639.5	101	293	70	46.1717730241905	180
"15574"	NA	NA	124	NA	69	46.2493243193887	181
"26395"	364	234	NA	48	288	46.3103166177833	182
"18641"	NA	NA	37.5	109	673	46.7056788289705	183
"229675"	216	49.5	NA	NA	258	46.7489252138354	184
"211945"	369	74.5	NA	NA	102	47.0045264993105	185
"14651"	NA	NA	91	98.5	NA	47.3378812369122	186
"270120"	28	322	NA	NA	NA	47.4763098818769	187
"20239"	361	99	NA	134	272	47.4945780190851	188
"14182"	163	99	NA	148	549	47.5723081519038	189
"100504663"	70	241.5	NA	NA	173	47.6686118060185	190
"66090"	NA	738	33	121	NA	47.7892963434547	191
"71323"	NA	84	NA	110	NA	48.0624593627917	192
"77974"	NA	NA	35	265	NA	48.1534007106456	193
"74175"	NA	NA	104	91	NA	48.6415460280612	194
"57170"	229	31	NA	NA	438	48.6522027031896	195
"11555"	573	127	NA	103	192	48.6927393542145	196
"71452"	NA	NA	NA	28	345	49.1426495012225	197
"54607"	435	228	NA	NA	33	49.4908325709036	198
"68961"	NA	655	158	32	NA	49.6853324833219	199
"67917"	265	190	NA	NA	66	49.7423786078051	200
"269061"	188	NA	NA	NA	53	49.9099188538711	201
"19699"	542	27	NA	NA	230	49.9546255022216	202
"12488"	215	109.5	NA	NA	143	49.9583727604837	203
"70750"	156	373	NA	NA	58	49.9995259214309	204
"72290"	20	503.5	NA	NA	NA	50.1746948172084	205
"68017"	NA	NA	76	133	NA	50.2692749102272	206
"20912"	545	535	NA	201	28	50.3171578273437	207
"50849"	NA	444.5	NA	66	118	50.4248538336155	208
"20393"	520	164	NA	143	137	50.5435751133698	209
"21888"	106	147.5	NA	NA	225	50.6958271274144	210
"19647"	486	NA	NA	41.5	180	51.2307879605108	211
"238988"	135	NA	NA	NA	78	51.3078941294612	212
"12041"	NA	NA	131.5	80.5	NA	51.4435370090355	213
"53609"	516	62.5	NA	115.5	NA	51.6712910648669	214
"71833"	65	675	NA	NA	85	51.6920906207271	215
"192195"	374	205	NA	NA	49	51.8186299535766	216
"67836"	NA	NA	163	66	NA	51.8603895087571	217
"15191"	133	81	NA	NA	NA	51.8965316760186	218
"12571"	63	176.5	NA	NA	NA	52.7245199124658	219
"19359"	392	338.5	NA	NA	30	52.8283942437327	220
"107368"	34	329	NA	NA	NA	52.881943988473	221
"545622"	101	168	NA	NA	238	53.0820821130296	222
"226896"	622	153.5	NA	36.5	591	53.2579917595577	223
"56515"	360	70	NA	NA	164	53.4925795940904	224
"13426"	381	123.5	NA	NA	90	53.9291480470737	225
"243659"	NA	NA	194.5	60	NA	54.0138871032256	226
"72400"	NA	NA	145	80.5	NA	54.0196723425828	227
"17524"	NA	NA	130	90	NA	54.0832691319598	228
"72373"	NA	683.5	17.5	NA	NA	54.6837498714198	229
"212712"	50	241.5	NA	NA	NA	54.9431524395898	230
"83796"	484	41	NA	186	637	55.0503909327973	231
"224088"	248	66.5	NA	NA	278	55.3755584858504	232
"320472"	233	88	NA	NA	224	55.4082306993423	233
"67857"	NA	43	NA	275	389	55.436482006189	234
"114644"	181	NA	NA	NA	68	55.4707129934347	235
"328977"	373	33	NA	NA	NA	55.472966389044	236
"18744"	NA	NA	19	NA	650	55.5652769272322	237
"66402"	NA	NA	60.5	206	NA	55.8189036080072	238
"13190"	NA	NA	128.5	98.5	373	55.9192676834864	239
"114715"	NA	81	NA	NA	156	56.2049819855856	240
"67971"	660	444.5	152	70	563	56.2345391511071	241
"234663"	282	390	NA	NA	44	56.3811862649289	242
"235132"	84	380	NA	NA	154	56.6769685230366	243
"329178"	59	354	NA	NA	237	56.8084951696755	244
"51902"	72	179.5	NA	NA	NA	56.8418859644893	245
"12014"	23	562	NA	NA	NA	56.8462839594639	246
"17131"	621	196	NA	NA	41	56.9625279513911	247
"78455"	633	265	NA	212.5	77	57.2222353913306	248
"68750"	306	200.5	NA	NA	84	57.577186824813	249
"18516"	614	267	116	NA	148	57.5824107264446	250
"68002"	NA	NA	NA	26	512	57.6888204074238	251
"238330"	463	56.5	NA	194	573	58.054575840417	252
"17346"	221	249	NA	164	327	58.2687650912132	253
"63958"	618	NA	NA	NA	22	58.3009433885936	254
"213084"	NA	NA	84.5	94	678	58.4274363206049	255
"71869"	NA	NA	58	177.5	525	58.4979477260465	256
"243043"	554	89	NA	NA	110	58.5656405230901	257
"54130"	336	41	NA	NA	NA	58.6856030044848	258
"14048"	512	68	NA	NA	157	58.718044982262	259
"231842"	NA	NA	96.5	144	NA	58.9406481131655	260
"54393"	NA	130	107	NA	NA	58.9703315235721	261
"66724"	267	143	NA	NA	146	59.1033544364148	262
"320806"	NA	NA	150	180	209	59.3447214039994	263
"12447"	234	225	NA	NA	109	59.6788395555732	264
"76551"	203	193	NA	NA	147	59.749687633517	265
"218952"	274	294	NA	NA	72	59.8901694472036	266
"67538"	555	NA	NA	166	63	59.9044776349626	267
"58198"	541	184	NA	NA	59	60.1406030403491	268
"17069"	NA	NA	37.5	NA	388	60.3116904090741	269
"17121"	NA	NA	236	53	476	60.4148479833038	270
"66077"	NA	NA	69	212.5	NA	60.5444051915617	271
"56637"	75	196	NA	NA	NA	60.6217782649107	272
"74147"	NA	NA	244	43	581	60.8915295551641	273
"53892"	654	310.5	NA	246	71	61.009604666697	274
"432442"	NA	410.5	NA	36.5	NA	61.20304322499	275
"12444"	35	322	NA	NA	550	61.231412853371	276
"218756"	230	161	NA	NA	168	61.3055429655355	277
"104015"	69	500.5	NA	NA	182	61.5158362383097	278
"16206"	245	NA	NA	169	153	61.6775080362853	279
"434784"	NA	363	42	NA	NA	61.73734688177	280
"666921"	NA	NA	80.5	NA	190	61.8364779074617	281
"320522"	NA	614	NA	25	NA	61.9475584668193	282
"22630"	337	163	NA	NA	117	61.9745241616768	283
"100126765"	NA	NA	23	NA	670	62.0685105347309	284
"328250"	NA	NA	99.5	156.5	NA	62.3934091070523	285
"75901"	107	554	NA	136	497	62.8980553780707	286
"170749"	168	145.5	NA	NA	275	62.9091380745526	287
"19012"	NA	507.5	NA	61	218	62.9921169399244	288
"83383"	643	123.5	NA	85	NA	62.9957180694797	289
"108832"	NA	661.5	NA	126	81	63	290
"14229"	NA	106	NA	150	NA	63.0476010645925	291
"226519"	244	64.5	NA	NA	431	63.098787746073	292
"69032"	NA	550	80.5	212.5	433	63.1598891067484	293
"18575"	41	393	NA	NA	NA	63.4684961220919	294
"239606"	NA	NA	126	NA	128	63.4980314655502	295
"72129"	431	290	56	NA	NA	63.7626723304605	296
"71834"	76	158	NA	NA	583	63.7663888640723	297
"215335"	39	444.5	NA	NA	405	63.8277022545906	298
"215690"	25	652.5	NA	NA	NA	63.860198872224	299
"666048"	30	541.5	NA	NA	435	63.9658835094566	300
"93686"	40	NA	NA	NA	413	64.2650760522385	301
"67326"	NA	NA	58	187.5	660	64.2988411367365	302
"76405"	NA	NA	131.5	126	NA	64.3603138587748	303
"27081"	237	417	NA	NA	75	64.9921094958406	304
"78473"	NA	NA	158	107	NA	65.0115374375964	305
"15117"	637	58.5	NA	274	451	65.1246810661868	306
"11352"	47	471.5	NA	NA	340	65.3478899953749	307
"18738"	77	222.5	NA	NA	NA	65.445588086593	308
"70797"	227	252	NA	NA	133	65.559871187475	309
"16591"	NA	748	NA	NA	23	65.5820097282784	310
"72124"	289	190	NA	NA	140	65.7867711846348	311
"72157"	NA	716.5	170	93	426	65.8915046080584	312
"16438"	461	276.5	NA	111	342	65.9365614386702	313
"74764"	NA	NA	NA	72	243	66.1362230551458	314
"68947"	619	NA	178	71	NA	66.1711087966386	315
"15567"	559	345	53	NA	481	66.1992350235829	316
"20273"	54	NA	NA	NA	325	66.2382064974588	317
"57439"	219	NA	55	NA	664	66.660777257516	318
"108073"	430	617	NA	119.5	161	66.8231368843213	319
"70625"	466	338.5	NA	240	135	66.8439966313013	320
"434689"	NA	NA	181.5	98.5	NA	66.8538517962877	321
"17454"	502	NA	104	156.5	NA	67.1370948737249	322
"436022"	NA	NA	128.5	141	NA	67.3024888098501	323
"269582"	459	451	NA	NA	40	67.4365201091728	324
"12361"	91	420.5	NA	NA	217	67.4995877974455	325
"226564"	NA	NA	226.5	80.5	NA	67.5152760492024	326
"68678"	NA	NA	158	115.5	NA	67.5444298221548	327
"399548"	33	554	NA	NA	NA	67.6054731512176	328
"12772"	NA	NA	78	NA	235	67.6941651843052	329
"320311"	45	407.5	NA	NA	NA	67.7080128197542	330
"104443"	NA	NA	187	98.5	NA	67.859229291232	331
"17127"	132	90	NA	NA	711	67.8850422144998	332
"76497"	570	NA	NA	41.5	360	68.069709367394	333
"20618"	NA	285	NA	51	592	68.3058121707295	334
"12293"	57	327.5	NA	NA	NA	68.3145299332433	335
"19027"	210	246	NA	NA	167	68.3652966997104	336
"68816"	NA	NA	145	89	671	68.4498112588927	337
"382864"	NA	695.5	NA	NA	27	68.5173335733375	338
"65246"	32	451	NA	NA	602	68.5256371721756	339
"50767"	644	179.5	NA	238.5	205	68.5469522488374	340
"218624"	NA	NA	63	NA	299	68.6239754021872	341
"68423"	NA	531	160	98.5	683	68.7397373115936	342
"26968"	483	203.5	NA	122	483	68.9675240674573	343
"106504"	NA	643	25	NA	554	69.092725938618	344
"69053"	298	271.5	NA	269	269	69.1532623692775	345
"230904"	NA	479.5	NA	40	NA	69.2459385090563	346
"320747"	NA	NA	96.5	199	NA	69.2883467835682	347
"21786"	NA	NA	239	80.5	NA	69.3532623601803	348
"192662"	NA	71.5	NA	271	NA	69.5997485627642	349
"68295"	NA	NA	233.5	NA	83	69.6069321260462	350
"12977"	153	127	NA	NA	NA	69.6975609329337	351
"111241"	423	NA	84.5	NA	259	69.9913481370399	352
"51792"	662	301.5	247	184	579	69.9999492009752	353
"71923"	321	179.5	NA	162	NA	70.1843440383231	354
"12569"	48	436.5	NA	NA	449	70.3670515585381	355
"12530"	261	451	NA	NA	80	70.390560603087	356
"26379"	263	77	NA	NA	NA	71.1530041530222	357
"73942"	NA	NA	114.5	212.5	401	71.2276052565578	358
"23964"	327	123.5	NA	NA	246	71.6575602875648	359
"19300"	NA	NA	233.5	88	NA	71.6728679487573	360
"107831"	648	732.5	NA	21	NA	71.7374698381932	361
"20663"	434	123.5	NA	273	468	71.9169574193217	362
"244650"	277	234	NA	263	410	72.2851050645162	363
"245386"	296	150.5	NA	NA	232	72.6079447787975	364
"16693"	254	136	NA	NA	302	72.8347445298014	365
"269788"	340	62.5	NA	NA	NA	72.8868986855663	366
"218975"	259	61	NA	NA	668	73.116281990484	367
"71819"	470	174.5	NA	NA	129	73.176743463198	368
"54712"	307	114	NA	NA	303	73.23309076832	369
"21814"	264	402	NA	NA	100	73.252436043912	370
"67290"	NA	NA	93	231	NA	73.2854010018366	371
"108760"	NA	NA	51.5	NA	419	73.4481109355442	372
"77037"	NA	604.5	36	NA	NA	73.7597451188655	373
"67528"	NA	NA	167	156.5	415	73.7856173340596	374
"19227"	624	29	NA	NA	603	73.9342000917634	375
"20316"	NA	759.5	NA	29	NA	74.2049526648997	376
"56226"	NA	296	188.5	212.5	657	74.2714411649714	377
"22704"	176	NA	NA	NA	127	74.752926364123	378
"272411"	NA	407.5	79	NA	351	74.7996132268599	379
"268301"	242	NA	NA	NA	93	75.0099993334222	380
"104252"	510	NA	NA	172	130	75.0284665602874	381
"21897"	NA	NA	84.5	268	NA	75.2429398681365	382
"76179"	NA	675	NA	NA	34	75.7462870377156	383
"12283"	123	681.5	NA	140	NA	75.7492634597058	384
"71355"	268	109.5	NA	NA	400	75.7556531229234	385
"231386"	601	336	NA	258	162	75.7752060779207	386
"56365"	NA	NA	96.5	238.5	NA	75.8538891554019	387
"54418"	NA	NA	114.5	NA	202	76.0411073038787	388
"228432"	NA	136	NA	NA	171	76.249590162833	389
"14284"	191	174.5	NA	NA	362	76.452413778291	390
"71268"	388	471.5	NA	66	NA	76.4711928533753	391
"12419"	31	762	NA	NA	NA	76.8472510894176	392
"83946"	456	179.5	NA	NA	151	77.0691956216176	393
"20866"	NA	345	NA	69	NA	77.1443452237427	394
"55950"	NA	NA	149	160	NA	77.2010362624751	395
"78937"	61	646.5	NA	NA	316	77.2812066143889	396
"73919"	NA	NA	162	149	NA	77.6820442573443	397
"219181"	159	318	NA	NA	253	77.9579362651419	398
"235033"	NA	NA	110	221	NA	77.958322198467	399
"76457"	NA	NA	64	NA	380	77.9743547584717	400
"70408"	527	451	NA	NA	54	78.0439156600027	401
"233532"	130	187.5	NA	NA	NA	78.06247497998	402
"69692"	NA	NA	109	212.5	560	78.3194985878725	403
"106628"	587	491.5	NA	45	NA	78.3435880141649	404
"320080"	241	385.5	NA	NA	141	78.5776297611205	405
"67878"	172	390	NA	NA	196	78.6734968055406	406
"228829"	243	258	NA	NA	210	78.709502987595	407
"60533"	NA	NA	39	NA	641	79.0553603495677	408
"76373"	NA	NA	71.5	NA	352	79.3221280602078	409
"545156"	420	60	NA	NA	NA	79.3725393319377	410
"74100"	485	NA	NA	151	186	79.6078610714955	411
"494448"	86	NA	NA	NA	295	79.63981416352	412
"20516"	473	385.5	NA	174	326	79.7265739068724	413
"75415"	472	260	NA	NA	112	79.8466196992235	414
"76800"	582	225	NA	NA	105	79.856513632976	415
"52521"	595	286	NA	NA	82	80.249874585265	416
"12652"	NA	759.5	NA	34	NA	80.347681982743	417
"268345"	118	219	NA	NA	NA	80.3772355832172	418
"268656"	413	120.5	NA	284	NA	80.5929819130862	419
"219228"	187	475.5	NA	248	490	80.6027725583183	420
"11988"	171	738	NA	NA	113	80.8330657399533	421
"329795"	NA	456	NA	57.5	NA	80.9629544915451	422
"227634"	NA	109.5	NA	NA	240	81.0555365166378	423.5
"235599"	NA	NA	90	NA	292	81.0555365166378	423.5
"107939"	207	219	NA	NA	318	81.125852216786	425
"245381"	NA	NA	118.5	223	NA	81.2796099892218	426
"102058"	NA	NA	NA	63	420	81.3326502703558	427
"18377"	385	156.5	NA	NA	242	81.4345856691058	428
"235610"	NA	92	NA	288.5	NA	81.4585784310038	429
"70439"	590	NA	NA	45	NA	81.4708536840016	430
"16573"	128	580.5	196.5	NA	NA	81.4711152611876	431
"66917"	543	198	NA	227	467	81.6849312903914	432
"26406"	114	271.5	NA	NA	477	81.7729690716552	433
"99738"	488	55	NA	NA	NA	81.9145896650896	434
"14411"	NA	NA	205	131	NA	81.9374761632307	435
"353204"	NA	NA	136	198	NA	82.0487659870641	436
"116848"	111	521	NA	259	NA	82.1672781071796	437
"226182"	574	550	165	NA	227	82.43964339335	438
"13835"	638	525	NA	115.5	308	82.5977428265168	439
"67118"	628	479.5	NA	77	521	82.8818019525079	440
"64918"	NA	742.5	205	102	NA	83.1563800720357	441
"20813"	NA	NA	106	262	NA	83.3246662159531	442
"14055"	295	565	NA	NA	94	83.408731760352	443
"66664"	NA	NA	231	187.5	364	83.5828079592065	444
"14236"	NA	NA	54	NA	518	83.6241591885981	445
"20563"	550	NA	NA	NA	51	83.7406711222211	446
"73668"	647	503.5	NA	49	NA	83.9289952095283	447
"18033"	NA	NA	123	230	NA	84.0981569358092	448
"242505"	464	NA	NA	NA	61	84.1189633792524	449
"230577"	NA	NA	218	130	NA	84.1724420460759	450
"100737"	117	636.5	NA	219	NA	84.5320770342628	451
"229663"	518	119	NA	NA	265	84.5771299453683	452
"71870"	NA	241.5	NA	253	268	84.6453091257701	453
"71520"	NA	NA	176.5	163	NA	84.8078710969684	454
"18053"	NA	NA	48	NA	600	84.8528137423857	455
"21379"	NA	NA	184.5	156.5	NA	84.9621239141301	456
"94047"	206	422.5	NA	NA	191	85.0722355744253	457
"18196"	161	471.5	NA	NA	219	85.0738279499113	458
"214968"	345	357	NA	NA	136	85.2879125684219	459
"319767"	NA	633	46	NA	NA	85.3199859353012	460
"107173"	NA	NA	165	177.5	NA	85.5679554506242	461
"13716"	384	331	NA	NA	134	85.7630236634313	462
"320722"	NA	NA	41	NA	719.5	85.8770924053673	463
"229905"	NA	NA	121.5	245	NA	86.2663028070637	464
"11921"	NA	NA	49	NA	609	86.3727387547715	465
"170835"	655	NA	NA	212.5	125	86.3738267197449	466
"67826"	NA	NA	191	189	482	86.3759456642736	467
"22065"	NA	NA	155	193	NA	86.479766419666	468
"218914"	487	290	NA	229	453	86.9771493194624	469
"328788"	NA	NA	142.5	212.5	NA	87.0075427764743	470
"241915"	NA	294	NA	NA	103	87.0086202625924	471
"71709"	536	47.5	NA	NA	703	87.193341231278	472
"17129"	90	433.5	NA	NA	460	87.2720597855093	473
"231670"	184	290	NA	NA	338	87.4157293972809	474
"218215"	180	461	NA	NA	220	87.769599313978	475
"23794"	284	109.5	NA	NA	NA	88.1731251572723	476
"19342"	615	173	NA	242	608	88.4300864756732	477
"93834"	95	626.5	NA	NA	315	88.5517517155348	478
"22393"	NA	NA	108	291	NA	88.6397202161649	479
"26374"	NA	NA	69	NA	459	88.9817396997833	480
"18155"	NA	NA	113	NA	281	89.0968574081039	481
"64945"	214	417	NA	NA	221	90.0587910340829	482
"15562"	116	281	NA	NA	NA	90.27181176868	483
"19056"	311	262.5	NA	244	NA	90.3591047988898	484
"54710"	52	630	NA	NA	NA	90.4986187739901	485
"71069"	167	483.5	NA	NA	248	90.5177233050374	486
"16564"	450	313.5	NA	NA	142	90.5297969707762	487
"68187"	378	NA	NA	87	NA	90.6724875582445	488
"54485"	534	96	NA	NA	394	90.7782171780924	489
"14661"	444	287	NA	281	488	90.8945326240898	490
"21357"	NA	NA	NA	74	447	90.9367912343513	491
"13209"	NA	429	67	NA	709	91.0482330500372	492
"22629"	562	313.5	NA	NA	116	91.1358738077237	493
"52690"	558	NA	NA	165	223	91.2752604113717	494
"76007"	169	533	NA	NA	231	91.6826961866936	495
"320355"	NA	NA	200.5	170	NA	92.3106169408481	496
"208154"	283	120.5	NA	NA	NA	92.3329572796193	497
"330914"	138	333.5	NA	NA	463	92.4124995670515	498
"110911"	44	744	NA	NA	653	92.5106380644473	499
"15490"	NA	746	165	NA	174	92.5698198613368	500
"77569"	592	NA	58	NA	NA	92.6498785752038	501
"217232"	406	84	NA	NA	631	92.7164877676312	502
"22284"	198	184	NA	NA	596	92.9940515972899	503
"107526"	NA	NA	181.5	272	440	93.0061103456466	504
"74998"	143	318	NA	NA	479	93.0918445364716	505
"210998"	372	147.5	NA	NA	399	93.2498261003129	506
"20495"	362	586	NA	NA	104	93.4885851464511	507
"319876"	499	219	NA	NA	203	93.661040485312	508
"230809"	110	538	NA	NA	382	94.252205148186	509
"228005"	218	407.5	NA	256	NA	94.4394471276115	510
"382034"	357	176.5	NA	NA	368	95.052963182865	511
"72199"	NA	159	NA	228	NA	95.1997899157346	512
"52615"	497	117	NA	NA	404	95.4670018696898	513
"68972"	NA	NA	NA	138.5	264	95.608577021102	514
"22793"	339	NA	NA	NA	108	95.6713123146118	515
"80280"	NA	623.5	226.5	168	NA	95.7818881201312	516
"13175"	74	458.5	NA	NA	701	95.8609593952143	517
"12298"	240	153.5	NA	NA	NA	95.9687449120806	518
"320007"	422	643	193	NA	424	96.5054090863878	519
"22217"	174	661.5	NA	NA	211	96.5308053100229	520
"16518"	120	325	NA	NA	625	96.6481666274833	521
"100502698"	NA	214	NA	NA	175	96.7600124018181	522
"214944"	649	200.5	NA	NA	188	96.7648704743086	523
"74570"	64	562	NA	NA	681	96.8054658227524	524
"75705"	346	103.5	NA	NA	686	96.9004067481174	525
"233410"	NA	161	NA	NA	234	97.0489567177309	526
"50798"	NA	NA	214.5	NA	177	97.4249711316354	527
"23857"	351	NA	184.5	NA	387	97.5476689979109	528
"330938"	134	380	NA	NA	493	97.6016553247606	529
"99633"	525	94	NA	NA	509	97.6218555795981	530
"16716"	83	609	NA	NA	498	97.69079739893	531
"216873"	613	420.5	NA	126	719.5	97.7455429138975	532
"16177"	NA	NA	60.5	NA	634	97.9247159812067	533
"101631"	NA	709.5	173	NA	208	98.152046207624	534
"77035"	NA	NA	211.5	294	418	98.7393066453257	535
"14595"	331	475.5	NA	NA	166	98.9101695470341	536
"192654"	160	247.5	NA	NA	663	99.0714037812962	537
"75328"	NA	NA	69	NA	572	99.3327740476425	538
"237823"	NA	NA	133.5	NA	296	99.3931587182941	539
"235135"	NA	609	NA	146	301	99.7066886739423	540
"18633"	NA	NA	188.5	212.5	NA	100.070287798127	541
"212862"	566	165.5	NA	NA	290	100.203499180174	542
"260302"	178	628.5	NA	NA	244	100.365345085659	543
"23850"	410	99	NA	NA	NA	100.734800342285	544
"11639"	80	497.5	NA	NA	696	100.857805836651	545
"14725"	354	172	NA	NA	456	100.935575248107	546
"71909"	NA	417	NA	98.5	NA	101.33422422854	547
"14600"	451	130	NA	NA	484	101.67179645053	548
"330401"	82	533	NA	NA	658	102.12554729651	549
"19820"	96	436.5	NA	NA	NA	102.352332655392	550
"434215"	NA	429	NA	NA	98	102.520729611138	551
"71389"	NA	255.5	NA	NA	165	102.661458201216	552
"22317"	150	327.5	NA	NA	597	102.79477575097	553
"74443"	NA	NA	239	177.5	NA	102.983615201643	554
"26949"	278	580.5	NA	NA	184	103.220753793347	555
"108151"	250	491.5	NA	NA	245	103.694395383657	556
"19367"	454	NA	NA	137	486	103.836404529501	557
"68795"	355	290	NA	NA	294	103.881123759372	558
"26381"	112	385.5	NA	NA	NA	103.894176930182	559
"66625"	632	393	NA	NA	122	103.920660505773	560
"22339"	508	307	NA	NA	197	104.400244698356	561
"15400"	524	214	NA	NA	274	104.402433014009	562
"18857"	490	NA	89	NA	NA	104.415037231234	563
"244867"	353	170	NA	NA	515	104.605783624658	564
"240518"	NA	749	NA	278	150	104.974714663957	565
"67378"	NA	NA	200.5	220	NA	105.011904087108	566
"59030"	NA	NA	NA	104	427	105.366028680975	567
"76306"	NA	NA	77	NA	580	105.664563596316	568
"72077"	292	725	NA	266	568	105.725005463658	569
"329260"	109	410.5	NA	NA	NA	105.764478914237	570
"22770"	326	347.5	NA	NA	282	105.767584074573	571
"20907"	452	187.5	NA	NA	377	105.772417600761	572
"72020"	262	171	NA	NA	NA	105.832414694176	573.5
"239250"	NA	114	NA	NA	393	105.832414694176	573.5
"381022"	97	463.5	NA	NA	NA	106.018276726232	575
"26895"	341	600	NA	NA	158	106.185769201246	576
"244631"	151	521	NA	NA	411	106.193412286869	577
"19271"	330	190	NA	NA	520	106.488417574272	578
"13841"	380	456	NA	283	675	106.634974782766	579
"12043"	220	207	NA	NA	NA	106.700515462672	580
"212190"	416	109.5	NA	NA	NA	106.714572575633	581
"270685"	NA	NA	121.5	NA	375	106.726871030683	582
"328783"	NA	NA	214.5	212.5	NA	106.74882903339	583
"54403"	125	433.5	NA	NA	612	107.093289241064	584
"227449"	475	114	NA	NA	615	107.243242776725	585
"16594"	347	363	NA	267	NA	107.595605111251	586
"320808"	129	571.5	NA	NA	457	107.659607870265	587
"75788"	200	341	NA	NA	495	107.731308915875	588
"192663"	239	699	NA	NA	204	108.072158757995	589
"20496"	465	214	NA	NA	343	108.126553623774	590
"16004"	370	466.5	NA	NA	198	108.172848502968	591
"20597"	NA	NA	214.5	264	606	108.321174703821	592
"229055"	146	341	NA	NA	698	108.775969912191	593
"22416"	280	390	NA	NA	319	108.863723803429	594
"226551"	526	237	NA	NA	280	108.937177588945	595
"77929"	158	380	NA	NA	587	109.287797482806	596
"12794"	652	325	NA	167	NA	109.436254627692	597
"68267"	NA	103.5	NA	NA	466	109.807786609147	598
"170460"	NA	550	88	NA	NA	110	599
"448850"	NA	NA	214.5	226	NA	110.087465226519	600
"100039672"	279	NA	174.5	NA	NA	110.323954787707	601
"100040248"	626	NA	84.5	NA	694	110.783627814557	602
"108155"	315	512.5	NA	NA	228	110.881349287102	603
"19070"	591	273.5	NA	NA	229	111.089286287448	604
"12006"	469	184	NA	NA	437	111.781374664804	605
"230761"	553	491.5	NA	282	529	112.183340296327	606
"192285"	141	413	NA	NA	659	112.433812736555	607
"108672"	NA	241.5	NA	NA	212	113.134875259577	608
"14429"	NA	269	NA	190.5	NA	113.186240329821	609.5
"26912"	NA	269	NA	190.5	NA	113.186240329821	609.5
"12759"	NA	NA	220	233	NA	113.203356840687	611
"72065"	324	279.5	NA	NA	434	113.331576289561	612
"12064"	189	402	NA	NA	522	113.674974477076	613
"433485"	325	565	NA	NA	216	113.677347641205	614
"20437"	598	231	NA	NA	289	113.924137026356	615
"24066"	142	580.5	NA	NA	485	113.978476494681	616
"56367"	409	528.5	NA	NA	185	113.987900501398	617
"209012"	NA	491.5	NA	106	NA	114.126026829992	618
"232078"	NA	NA	151	NA	346	114.286919636501	619
"76044"	NA	NA	210	NA	249	114.335034000957	620
"67712"	193	273.5	NA	NA	NA	114.875476059949	621
"67416"	563	550	NA	207	704	115.224154737958	622
"12848"	NA	150.5	NA	NA	353	115.24593268311	623
"270110"	122	436.5	NA	NA	NA	115.383057681793	624
"214742"	NA	136	NA	NA	395	115.887876846545	625
"67498"	NA	NA	153.5	NA	350	115.893269864993	626
"76246"	121	444.5	NA	NA	NA	115.957427532694	627
"72729"	NA	699	239	NA	252	115.958863733319	628
"15260"	492	109.5	NA	NA	NA	116.053866803308	629
"56306"	636	127	NA	NA	533	116.826516484044	630
"214597"	425	521	NA	NA	195	116.940738868025	631
"81006"	439	538	NA	NA	183	116.979934492365	632
"244882"	NA	667	231	NA	283	117.323991128027	633
"28088"	616	633	NA	112	NA	117.38507818689	634
"78757"	148	541.5	NA	NA	546	117.4617188307	635
"269233"	NA	736	NA	75	NA	117.473401244707	636
"140742"	286	NA	NA	NA	194	117.775209615606	637
"268759"	561	305	NA	NA	266	119.012759291707	638
"269700"	NA	596	NA	182.5	428	119.91210985465	639
"75678"	NA	231	NA	249	NA	119.915595316039	640
"214162"	407	402	NA	NA	285	119.977696472146	641
"110157"	489	373	NA	257	NA	120.188343637587	642
"93689"	NA	507.5	244	NA	379	120.235793234831	643
"69076"	NA	NA	209	279	NA	120.738353475604	644
"76773"	NA	695.5	NA	84	NA	120.853216754872	645
"53310"	119	491.5	NA	NA	NA	120.921978978182	646
"218772"	436	497.5	NA	NA	222	121.270805308621	647
"207785"	NA	557	NA	254	344	121.701107407472	648
"67419"	NA	587	NA	NA	101	121.744609736941	649
"333433"	NA	NA	126	NA	471	121.805172303971	650
"20610"	190	574.5	NA	NA	448	121.89501952773	651
"26900"	580	203.5	NA	NA	417	122.157902184141	652
"16572"	273	219	NA	NA	NA	122.256901645674	653
"69065"	503	NA	NA	251	392	122.383068060775	654
"225998"	NA	214	NA	280	NA	122.392810246354	655
"56376"	140	429	NA	NA	NA	122.535709081067	656
"94217"	NA	245	NA	247	NA	122.998983735639	657
"19042"	448	136	NA	NA	NA	123.417988964332	658
"17344"	460	132.5	NA	NA	NA	123.440268956285	659
"211739"	NA	318	NA	NA	193	123.868882290913	660
"16561"	NA	283	NA	218	NA	124.191384564309	661
"245684"	170	363	NA	NA	NA	124.207487696998	662
"20833"	NA	NA	156	NA	396	124.273891063248	663
"20603"	NA	713.5	200.5	NA	366	124.702518674576	664
"20312"	226	276.5	NA	NA	NA	124.988999515957	665
"101700"	NA	580.5	NA	108	NA	125.193849689192	666
"213436"	288	298.5	NA	NA	621	125.512858266784	667
"71240"	NA	510	NA	NA	124	125.737822471999	668
"12374"	438	NA	NA	NA	145	126.00595224036	669
"20346"	247	515.5	NA	NA	429	126.475493779376	670
"54563"	NA	695.5	NA	NA	92	126.47727068529	671
"53599"	318	276.5	NA	NA	622	126.526926533957	672
"19878"	145	557	NA	NA	682	126.8278419192	673
"73699"	NA	193	NA	NA	334	126.946839267467	674
"72759"	246	NA	NA	NA	263	127.179007701743	675
"24018"	NA	NA	NA	177.5	365	127.266943862104	676
"50790"	257	385.5	NA	NA	567	127.661203249609	677
"76089"	100	655	NA	NA	NA	127.964838920697	678
"241656"	474	139	NA	NA	NA	128.341341741467	679
"19713"	300	661.5	NA	NA	293	129.137285489759	680
"13134"	305	219	NA	NA	NA	129.223643347493	681
"227298"	630	228	NA	NA	406	129.264485504662	682
"18019"	663	NA	176.5	NA	501	129.492336339977	683
"94282"	287	234	NA	NA	NA	129.574303007965	684
"319262"	154	436.5	NA	NA	NA	129.635064700875	685
"226139"	NA	738	207.5	NA	386	129.847223551249	686
"54402"	560	678.5	NA	156.5	NA	130.10564864937	687
"110532"	NA	681.5	99.5	NA	NA	130.201046462768	688
"233405"	NA	619	NA	270	358	130.374070521544	689
"230676"	NA	NA	111.5	NA	611	130.505268092901	690
"100986"	NA	554	NA	123	NA	130.520113392534	691
"238564"	271	252	NA	NA	NA	130.663690442295	692
"15395"	445	500.5	NA	NA	271	130.754468543109	693
"13829"	356	671	NA	NA	255	131.154434170736	694
"11841"	NA	NA	102	NA	679	131.584573563925	695
"52808"	631	269	NA	NA	363	131.656255830867	696
"74148"	199	350.5	NA	NA	NA	132.050653160066	697
"98415"	173	571.5	NA	NA	629	132.063582137762	698
"320429"	290	475.5	NA	NA	454	132.356986101936	699
"14680"	93	754	NA	NA	NA	132.402794532442	700
"14674"	104	675	NA	NA	NA	132.476412994918	701
"227059"	NA	571.5	NA	NA	123	132.565549823474	702
"218832"	NA	NA	190	NA	371	132.749764594895	703
"20391"	NA	752	94	NA	NA	132.936074863071	704
"16147"	535	354	NA	NA	335	132.947251188936	705
"16890"	NA	247.5	NA	286	NA	133.027252846926	706
"20983"	NA	402	NA	NA	179	134.124941752084	707
"72345"	NA	200.5	NA	NA	359	134.144977542955	708
"52250"	NA	621	207.5	NA	506	134.16281168062	709
"229603"	255	396.5	NA	NA	649	134.448130655532	710
"106877"	NA	NA	104	NA	697	134.617977996997	711
"12395"	223	626.5	NA	NA	474	134.859073585454	712
"269610"	253	596	NA	NA	441	135.045630056156	713
"70638"	131	NA	NA	NA	558	135.183209016505	714
"170822"	NA	NA	192	NA	381	135.233132035016	715
"277154"	293	250	NA	NA	NA	135.323686027244	716
"78808"	236	NA	NA	NA	311	135.4584807238	717
"12418"	379	550	NA	NA	323	135.606410144686	718
"380694"	529	260	NA	NA	492	135.834509715014	719
"17761"	350	429	NA	NA	452	135.966943779396	720
"74302"	NA	667	NA	NA	111	136.048704514229	721
"13367"	371	562	NA	NA	330	136.590386409692	722
"78619"	428	290	NA	NA	557	136.80786517364	723
"11430"	491	363	NA	NA	391	137.172494622341	724
"246198"	383	255.5	NA	NA	719.5	137.64240029551	725
"26931"	432	255.5	NA	NA	639	137.722188427213	726
"14679"	334	363	NA	NA	584	137.900992408629	727
"235406"	304	369.5	NA	NA	632	138.021617758447	728
"16468"	504	283	NA	NA	502	138.415791872689	729
"11776"	NA	376	NA	205	NA	138.816425541072	730
"56690"	NA	688.5	NA	203	523	139.373209908169	731
"68465"	NA	NA	118.5	NA	662	140.041957998309	732
"11941"	576	451	NA	NA	287	140.29398540379	733
"213827"	476	307	NA	NA	511	140.367798331563	734
"54604"	108	730	NA	NA	NA	140.392307481571	735
"72349"	252	NA	NA	NA	314	140.648498036773	736
"67145"	NA	754	NA	105	NA	140.685820180998	737
"18423"	533	210.5	NA	NA	674	140.958676656471	738
"109676"	228	350.5	NA	NA	NA	141.345321818587	739
"54357"	316	402	NA	NA	604	141.64310442425	740
"227210"	157	512.5	NA	NA	NA	141.829563208804	741
"83397"	NA	363	NA	222	NA	141.938366906203	742
"20419"	NA	NA	NA	126	648	142.870570797488	743
"102626"	NA	NA	222.5	NA	369	143.267669067379	744
"106931"	539	483.5	NA	NA	305	143.320101236276	745
"270201"	NA	298.5	NA	NA	277	143.774563118794	746
"230103"	NA	NA	NA	115.5	719.5	144.137304331668	747
"234366"	299	705.5	NA	NA	384	144.226552390396	748
"269959"	165	NA	NA	NA	507	144.615870498365	749
"11906"	344	507.5	NA	NA	470	144.847007639605	750
"20743"	391	NA	NA	NA	215	144.969824446331	751
"66237"	NA	NA	142.5	NA	590	144.97844667398	752
"16497"	532	667	NA	NA	233	145.214463397596	753
"244329"	NA	380	222.5	NA	NA	145.387413485487	754
"12322"	NA	463.5	NA	182.5	NA	145.420725826823	755
"72832"	NA	NA	NA	153	556	145.83209523284	756
"53421"	NA	NA	205	NA	416	146.013697987552	757
"29858"	NA	444.5	NA	192	NA	146.068477092082	758
"50500"	NA	NA	133.5	NA	652	147.514406076152	759
"76899"	453	368	NA	NA	527	148.182741020636	760
"13488"	297	623.5	NA	NA	478	148.554454818068	761
"213439"	196	451	NA	NA	NA	148.657324071167	762
"77038"	238	NA	NA	NA	372	148.774997899513	763
"20658"	646	325	NA	NA	425	148.952231861404	764
"327814"	501	298.5	NA	NA	601	149.312989108252	765
"75329"	458	NA	NA	195	NA	149.423893671661	766
"619665"	NA	757	118.5	NA	NA	149.753547537279	767
"23821"	313	639.5	NA	NA	455	149.972226682353	768
"211922"	443	503.5	NA	NA	409	150.056305062563	769
"66589"	437	396.5	NA	NA	530	150.387674832258	770
"67636"	258	716.5	NA	NA	499	150.61130123916	771
"15361"	424	350.5	NA	NA	623	150.797006537524	772
"240121"	604	533	NA	288.5	NA	150.955427936854	773
"12649"	627	265	NA	NA	559	150.957195722087	774
"27280"	569	161	NA	NA	NA	151.334893530871	775
"21892"	352	517	NA	NA	516	151.509447568706	776
"545677"	NA	NA	140	NA	656	151.525575399006	777
"18844"	NA	NA	NA	147	633	152.521309986506	778
"320685"	NA	NA	229	NA	407	152.645831911651	779
"22095"	NA	692	NA	135	NA	152.8234275234	780
"12487"	546	347.5	NA	NA	510	153.032834073232	781
"107338"	NA	402	NA	234	NA	153.352535029585	782
"56295"	449	444.5	NA	NA	491	153.678086650089	783
"71853"	610	466.5	NA	NA	348	154.217025022619	784
"110834"	NA	NA	179	NA	532	154.295171667813	785
"54367"	629	NA	NA	152	NA	154.602716664359	786
"270086"	NA	NA	186	NA	517	155.049991938084	787
"17532"	212	661.5	NA	NA	719.5	155.183037324037	788
"54725"	635	153.5	NA	NA	NA	156.102930786068	789
"18015"	NA	643	NA	NA	152	156.313786979908	790
"211401"	308	318	NA	NA	NA	156.480030674844	791
"27205"	NA	NA	200.5	NA	489	156.560291900597	792
"26407"	657	479.5	NA	NA	329	156.577265778496	793
"73945"	182	541.5	NA	NA	NA	156.965760597654	794
"242406"	162	NA	NA	NA	610	157.178242769157	795
"53970"	269	633	NA	NA	617	157.286867542614	796
"76824"	312	318	NA	NA	NA	157.49285698088	797
"77305"	309	688.5	NA	NA	496	157.516763143984	798
"18569"	538	186	NA	NA	NA	158.167632592765	799
"244059"	NA	589.5	NA	NA	170	158.283764170555	800
"60321"	620	521	NA	NA	332	158.368174542549	801
"19009"	NA	725	NA	138.5	NA	158.439657283144	802
"12740"	NA	NA	168	NA	598	158.48028268526	803
"20404"	204	NA	NA	NA	494	158.726179315197	804
"13557"	517	196	NA	NA	NA	159.163438012629	805
"14394"	412	NA	247	NA	NA	159.502351079851	806
"23888"	272	569	NA	NA	708	159.508398504173	807
"54561"	583	NA	NA	175	NA	159.706762536844	808
"21374"	571	628.5	NA	NA	309	160.144502700798	809
"74718"	500	580.5	NA	NA	385	160.554715221358	810
"56722"	310	333.5	NA	NA	NA	160.767689539907	811
"107022"	366	469	NA	NA	654	160.801206919262	812
"67958"	314	331	NA	NA	NA	161.193982517959	813
"67136"	650	705.5	247	NA	NA	161.280249992644	814
"16154"	NA	507.5	NA	NA	206	161.667096219361	815
"14605"	506	207	NA	NA	NA	161.819343713908	816
"19305"	600	574.5	NA	NA	336	162.482128212043	817
"112406"	281	576	NA	NA	719.5	162.779088578668	818
"67171"	NA	NA	241.5	NA	439	162.802410915809	819
"20321"	NA	NA	211.5	NA	504	163.245214324953	820
"333182"	NA	NA	NA	156.5	691	164.424374713727	821
"217325"	NA	NA	NA	185	588	164.909065851456	822
"632687"	NA	545.5	NA	200	NA	165.151445649137	823
"192167"	511	214	NA	NA	NA	165.343581671621	824
"13649"	NA	713.5	153.5	NA	NA	165.470730040089	825
"268445"	329	518	NA	NA	719.5	165.601486404366	826
"218268"	NA	NA	236	NA	465	165.635141198962	827
"66365"	NA	740.5	244	NA	680	165.711766104709	828
"26394"	303	363	NA	NA	NA	165.822947748495	829
"171207"	NA	650	NA	173	NA	167.667826371072	830
"18571"	302	373	NA	NA	NA	167.813885003596	831
"238317"	NA	623.5	NA	NA	181	167.968374999581	832
"13800"	338	336	NA	NA	NA	168.499258158604	833
"68278"	NA	727	NA	288.5	619	168.785721456125	834
"17180"	NA	NA	218	NA	526	169.313319027181	835
"74026"	389	298.5	NA	NA	NA	170.379356143871	836
"240660"	421	276.5	NA	NA	NA	170.59198398518	837
"226610"	217	538	NA	NA	NA	170.840568952459	838
"269060"	NA	NA	NA	277	423	171.151248899913	839
"72477"	251	471.5	NA	NA	NA	172.00763064469	840
"18000"	335	NA	NA	NA	355	172.427521005204	841
"74125"	367	604.5	NA	NA	626	172.619947226084	842
"14803"	NA	742.5	NA	161	NA	172.87459327501	843
"244202"	NA	NA	NA	260	461	173.104014973657	844
"66787"	285	425	NA	NA	NA	174.015085552949	845
"17691"	429	NA	NA	NA	284	174.525069832388	846
"23854"	319	713.5	NA	NA	642	175.570673373341	847
"320145"	NA	NA	218	NA	566	175.633140380738	848
"240174"	408	303.5	NA	NA	NA	175.946014447614	849
"102791"	NA	NA	NA	243	513	176.535407213397	850
"13641"	213	589.5	NA	NA	NA	177.174701918756	851
"74838"	175	718	NA	NA	NA	177.235718747661	852
"73178"	603	592	NA	NA	422	177.36281317176	853
"213491"	225	559.5	NA	NA	NA	177.403142587723	854
"11774"	NA	NA	NA	202	627	177.942406412862	855
"226169"	639	NA	200.5	NA	NA	178.968921883102	856
"11771"	656	NA	NA	196	NA	179.28747864812	857
"20527"	342	376	NA	NA	NA	179.298633569807	858
"67468"	607	417	NA	NA	616	179.410241730834	859
"11820"	365	354	NA	NA	NA	179.728962607589	860
"237930"	NA	NA	226.5	NA	575	180.4421652497	861
"12313"	211	620	NA	NA	NA	180.845237703402	862
"12169"	537	675	NA	NA	444	181.314451909944	863
"268936"	197	675	NA	NA	NA	182.328686717148	864
"22145"	231	NA	NA	NA	576	182.384209842848	865
"22402"	194	NA	NA	NA	688	182.669099740487	866
"14081"	496	646.5	NA	NA	514	182.760857408517	867
"77371"	209	639.5	NA	NA	NA	182.794625194506	868
"69737"	183	732.5	NA	NA	NA	183.062489330829	869
"140481"	NA	722	NA	NA	187	183.72125625523	870
"18222"	NA	475.5	NA	285	NA	184.063508061756	871
"72046"	NA	NA	NA	241	565	184.502710007197	872
"70369"	658	NA	NA	NA	207	184.530485286307	873
"22142"	641	NA	NA	NA	213	184.751860613094	874
"107746"	579	614	NA	NA	480	184.887749451941	875
"105638"	NA	NA	NA	197	700	185.674446276271	876
"236904"	NA	193	NA	NA	719.5	186.321965962148	877
"74187"	NA	545.5	NA	255	NA	186.482237760061	878
"353237"	399.5	NA	NA	NA	349	186.698620776909	879
"16981"	564	466.5	NA	NA	669	186.808959673695	880
"16871"	NA	702.5	NA	NA	199	186.947519373754	881
"11855"	NA	210.5	NA	NA	667	187.352275139642	882
"72780"	505	NA	NA	NA	279	187.679913682845	883
"330460"	359	393	NA	NA	NA	187.807747444029	884
"217219"	414	341	NA	NA	NA	187.865643479589	885
"93685"	NA	709.5	NA	NA	200	188.348082018374	886
"107650"	588	241.5	NA	NA	NA	188.415763671727	887
"105844"	522	545.5	NA	NA	638	188.787857363676	888
"231051"	634	225	NA	NA	NA	188.845174680213	889
"235134"	568	252	NA	NA	NA	189.166593245213	890
"28075"	192	746	NA	NA	NA	189.230018760238	891
"56353"	195	735	NA	NA	NA	189.291441961859	892
"17863"	548	262.5	NA	NA	NA	189.637812685129	893
"12943"	399.5	363	NA	NA	NA	190.406473104251	894
"67422"	363	722	NA	NA	719.5	191.148232065235	895
"209707"	530	NA	NA	NA	276	191.232842367623	896
"18475"	348	NA	NA	NA	421	191.381817318156	897
"11964"	NA	596	NA	NA	250	193.002590656188	898
"231630"	376	396.5	NA	NA	NA	193.056986405569	899
"68737"	433	345	NA	NA	NA	193.251778775772	900
"15118"	NA	503.5	NA	NA	298	193.676921702096	901
"59033"	NA	614	NA	NA	247	194.716460526582	902
"20147"	NA	709.5	NA	NA	214	194.828770975952	903
"56046"	411	369.5	NA	NA	NA	194.848979981934	904
"67664"	651	237	NA	NA	NA	196.396919527777	905
"140630"	NA	486.5	NA	NA	321	197.589536666292	906
"243616"	275	NA	NA	NA	571	198.131900510746	907
"319901"	584	NA	NA	NA	270	198.544705293292	908
"106522"	567	525	NA	NA	719.5	199.435805754195	909
"105675"	320	497.5	NA	NA	NA	199.4993734326	910
"27049"	418.5	385.5	NA	NA	NA	200.830618930481	911
"67117"	NA	413	NA	NA	397	202.460489972735	912
"227693"	232	NA	NA	NA	710	202.928558857545	913
"80987"	NA	701	NA	236	NA	203.369122533388	914
"18750"	NA	633	NA	NA	262	203.620971415029	915
"17158"	NA	260	NA	NA	640	203.960780543711	916
"270151"	NA	705.5	NA	NA	236	204.020832269648	917
"105787"	NA	NA	NA	276	614	205.830026963998	918
"74479"	NA	512.5	NA	NA	333	206.556590308806	919
"67384"	NA	483.5	NA	NA	354	206.856834549889	920
"231887"	249	692	NA	NA	NA	207.549993977355	921
"67834"	NA	678.5	NA	NA	254	207.568663338183	922
"16534"	509	NA	NA	NA	347	210.132696170777	923
"56224"	447	402	NA	NA	NA	211.951645428857	924
"20357"	NA	303.5	NA	NA	593	212.117597101231	925
"229759"	593	618	NA	NA	719.5	213.748660028813	926
"68585"	417	440.5	NA	NA	NA	214.294481963489	927
"105148"	NA	604.5	NA	NA	304	214.340850049635	928
"78428"	661	279.5	NA	NA	NA	214.912482187517	929
"243743"	NA	722	NA	NA	256	214.96046148071	930
"20910"	328	NA	NA	NA	564	215.053481720246	931
"474156"	596	310.5	NA	NA	NA	215.091840849438	932
"20474"	377	491.5	NA	NA	NA	215.229819030728	933
"50918"	NA	545.5	NA	NA	341	215.647571282405	934
"11426"	386	486.5	NA	NA	NA	216.673140928912	935
"11736"	NA	307	NA	NA	618	217.787740701813	936
"217030"	415	458.5	NA	NA	NA	218.104046271499	937
"56428"	NA	528.5	NA	NA	361	218.39671471888	938
"56876"	NA	413	NA	NA	462	218.406730665518	939
"99512"	589	NA	NA	NA	324	218.423899791209	940
"16565"	NA	571.5	NA	NA	339	220.078679112721	941
"231238"	NA	497.5	NA	NA	398	222.488763761229	942
"211949"	382	NA	NA	NA	519	222.63086039451	943
"110876"	NA	309	NA	NA	647	223.5637492976	944
"26894"	455	440.5	NA	NA	NA	223.845649946565	945
"107568"	531	NA	NA	NA	378	224.007812363766	946
"27399"	NA	491.5	NA	NA	412	224.998888886145	947
"238384"	NA	705.5	NA	288.5	NA	225.575236894478	948
"22320"	572	357	NA	NA	NA	225.944683495762	949
"17758"	301	NA	NA	NA	684	226.872210726656	950
"16649"	368	567.5	NA	NA	NA	228.495076533391	951
"14272"	NA	NA	NA	292	719.5	229.180060214671	952
"209760"	NA	417	NA	NA	508	230.128225126776	953
"353234"	393	NA	NA	NA	545	231.400626619722	954
"12936"	399.5	NA	NA	NA	539.5	232.12617797224	959.5
"12937"	399.5	NA	NA	NA	539.5	232.12617797224	959.5
"12939"	399.5	NA	NA	NA	539.5	232.12617797224	959.5
"12941"	399.5	NA	NA	NA	539.5	232.12617797224	959.5
"12942"	399.5	NA	NA	NA	539.5	232.12617797224	959.5
"116731"	399.5	NA	NA	NA	539.5	232.12617797224	959.5
"192161"	399.5	NA	NA	NA	539.5	232.12617797224	959.5
"192163"	399.5	NA	NA	NA	539.5	232.12617797224	959.5
"192164"	399.5	NA	NA	NA	539.5	232.12617797224	959.5
"353236"	399.5	NA	NA	NA	539.5	232.12617797224	959.5
"18708"	NA	429	NA	NA	503	232.264396755077	965
"353170"	478	456	NA	NA	NA	233.435215852279	966
"30853"	NA	688.5	NA	NA	317	233.58858062842	967
"12311"	NA	580.5	NA	NA	376	233.595804756849	968
"232187"	480	461	NA	NA	NA	235.202040807473	969
"76080"	NA	592	NA	NA	374	235.270057593396	970
"109232"	NA	754	NA	295	NA	235.812425457184	971
"56381"	594	376	NA	NA	NA	236.296424010183	972
"207667"	605	371	NA	NA	NA	236.883410140938	973
"26943"	NA	719.5	NA	NA	313	237.278054189594	974
"58200"	NA	407.5	NA	NA	555	237.782726454215	975
"13799"	375	604.5	NA	NA	NA	238.058553721558	976
"215418"	NA	515.5	NA	NA	443	238.938538122254	977
"67916"	NA	396.5	NA	NA	577	239.155022945369	978
"320460"	498	461	NA	NA	NA	239.571492461019	979
"50766"	358	NA	NA	NA	645	240.265478169462	980
"69207"	547	425	NA	NA	NA	241.078306780183	981
"320951"	NA	709.5	NA	NA	328	241.203233809168	982
"14104"	NA	580.5	NA	NA	402	241.537264205754	983
"67048"	387	604.5	NA	NA	NA	241.837497092572	984
"108960"	NA	331	NA	NA	707	241.876518083091	985
"215814"	578	NA	NA	NA	408	242.808566570457	986
"16542"	556	425	NA	NA	NA	243.053492054733	987
"26417"	NA	667	NA	NA	356	243.645233895515	988
"12552"	322	750.5	NA	NA	NA	245.79513827576	989
"71810"	540	451	NA	NA	NA	246.748860179738	990
"12336"	NA	730	NA	NA	337	247.996975788012	991
"12445"	343	NA	NA	NA	719.5	248.389059742977	992
"30940"	599	NA	NA	NA	414	248.990963691456	993
"50523"	493	NA	NA	NA	505	249.481963275905	994
"72265"	NA	528.5	NA	NA	472	249.725849683208	995
"207742"	468	541.5	NA	NA	NA	251.705184690344	996
"68404"	426	596	NA	NA	NA	251.940469158887	997
"21945"	481	NA	NA	NA	528	251.976189351296	998
"27273"	462	NA	NA	NA	553	252.7281147795	999
"107242"	597	432	NA	NA	NA	253.921247633986	1000
"321022"	427	604.5	NA	NA	NA	254.028295668022	1001
"50932"	565	NA	NA	NA	469	257.38346877762	1002
"16197"	NA	680	NA	NA	390	257.487863791675	1003
"244698"	NA	609	NA	NA	436	257.64510474682	1004
"19883"	NA	422.5	NA	NA	630	257.960752828798	1005
"12338"	477	NA	NA	NA	561	258.648893289726	1006
"109006"	NA	616	NA	NA	442	260.898447676486	1007
"80890"	577	479.5	NA	NA	NA	262.997861208033	1008
"64009"	507	NA	NA	NA	552	264.510869341885	1009
"70231"	390	NA	NA	NA	719.5	264.860812503473	1010
"327987"	446	636.5	NA	NA	NA	266.401482728606	1011
"19775"	NA	491.5	NA	NA	595	270.389764969017	1012
"26397"	441	NA	NA	NA	665	270.76973612278	1013
"18212"	NA	685	NA	NA	432	271.992646959435	1014
"244668"	479	NA	NA	NA	628	274.23165389867	1015
"59035"	NA	521	NA	NA	578	274.380210656673	1016
"234378"	514	NA	NA	NA	589	275.111795457774	1017
"56228"	471	NA	NA	NA	655	277.716132048536	1018
"236915"	528	588	NA	NA	NA	278.596482389854	1019
"70784"	581	536	NA	NA	NA	279.023296518409	1020
"381126"	515	611	NA	NA	NA	280.475043453067	1021
"22373"	519	NA	NA	NA	613	282.022605476937	1022
"27416"	457	NA	NA	NA	706	284.00792242471	1023
"207521"	NA	600	NA	NA	548	286.705423736629	1024
"100129"	544	NA	NA	NA	605	286.844905828917	1025
"74136"	NA	746	NA	NA	450	289.698118737419	1026
"59092"	617	557	NA	NA	NA	293.116444438042	1027
"17772"	523	661.5	NA	NA	NA	294.093735057379	1028
"74105"	NA	686	NA	NA	524	299.776583475094	1029
"21393"	642	567.5	NA	NA	NA	301.800844929235	1030
"14810"	557	661.5	NA	NA	NA	303.502677088687	1031
"22764"	NA	646.5	NA	NA	570	303.523063374103	1032
"76577"	NA	757	NA	NA	487	303.586478618531	1033
"23965"	NA	650	NA	NA	569	304.076470645132	1034
"11987"	NA	762	NA	NA	500	308.625987240219	1035
"235604"	653	592	NA	NA	NA	310.876181139694	1036
"67122"	551	NA	NA	NA	702	310.967040054087	1037
"20947"	NA	652.5	NA	NA	594	311.281624899383	1038
"223693"	NA	585	NA	NA	676	314.428052183643	1039
"19664"	NA	730	NA	NA	547	315.954901845184	1040
"211499"	586	NA	NA	NA	690	317.938673331824	1041
"26405"	NA	657.5	NA	NA	624	320.265514846666	1042
"18550"	NA	596	NA	NA	689	320.407552969651	1043
"66805"	NA	650	NA	NA	644	323.496522392436	1044
"57765"	NA	612	NA	NA	699	327.027521777602	1045
"12591"	611	702.5	NA	NA	NA	327.57728095825	1046
"97998"	NA	692	NA	NA	636	331.704687937931	1047
"68703"	NA	757	NA	NA	582	331.878742916747	1048
"67434"	NA	695.5	NA	NA	635	332.280942878161	1049
"15234"	NA	688.5	NA	NA	666	338.57827750758	1050
"15277"	NA	719.5	NA	NA	643	340.087672519896	1051
"11925"	NA	699	NA	NA	677	343.95602916652	1052
"66854"	NA	750.5	NA	NA	646	348.146161834365	1053
"224624"	NA	728	NA	NA	687	353.601470585177	1054
"268480"	NA	740.5	NA	NA	693	358.178202854389	1055
"231570"	NA	734	NA	NA	719.5	363.356918194769	1056
